  0.000000000000000E+000 -0.292306522766415      -2.109902432084493E-006
  7.812500000000000E-003 -0.293046514476182      -1.407061043558068E-003
  1.562500000000000E-002 -0.295909465648541      -2.543975399352688E-003
  2.343750000000000E-002 -0.309687267847703      -6.143711581754356E-003
  3.125000000000000E-002 -0.268507922340220      -4.649445217447533E-002
  3.906250000000000E-002 -0.281375416078798      -1.457303504777649E-002
  4.687500000000000E-002 -0.286916339864164      -1.568637077300335E-002
  5.468750000000000E-002 -0.291311741443322      -1.727192449367100E-002
  6.250000000000000E-002 -0.297755899261817      -2.206458482821457E-002
  7.031250000000000E-002 -0.302757234685591      -3.625496430514311E-002
  7.812500000000000E-002 -0.296564280234640      -5.186701665254547E-002
  8.593750000000000E-002 -0.279338670359335      -4.931340309580599E-002
  9.375000000000000E-002 -0.281797344016328      -4.703372220558214E-002
  0.101562500000000      -0.281453954919614      -5.189357489663397E-002
  0.109375000000000      -0.281979132208807      -5.699738095708954E-002
  0.117187500000000      -0.279935117305936      -7.034074728915535E-002
  0.125000000000000      -0.258706004526942      -8.580934817902899E-002
  0.132812500000000      -0.245871890840402      -7.538027641707265E-002
  0.140625000000000      -0.223525434189334      -6.550511208203073E-002
  0.148437500000000      -0.233074892457809      -4.234056803175074E-002
  0.156250000000000      -0.241394748655819      -3.807348863151735E-002
  0.164062500000000      -0.246609611465718      -3.799468587144828E-002
  0.171875000000000      -0.249401134001159      -3.748857359615237E-002
  0.179687500000000      -0.254257146473365      -3.683276507614764E-002
  0.187500000000000      -0.257734134234158      -3.990490832481863E-002
  0.195312500000000      -0.258978939559642      -4.261337781261028E-002
  0.203125000000000      -0.260280378539879      -4.589827550614109E-002
  0.210937500000000      -0.258420138917464      -4.894365108750329E-002
  0.218750000000000      -0.256670319792192      -4.599198792654872E-002
  0.226562500000000      -0.259775041665354      -4.513496214587243E-002
  0.234375000000000      -0.263577932347203      -4.511659598025322E-002
  0.242187500000000      -0.267921115715080      -4.995782543483622E-002
  0.250000000000000      -0.268903064703579      -5.371188070559512E-002
  0.257812500000000      -0.270092653678208      -5.855832803016575E-002
  0.265625000000000      -0.266091506498554      -6.127063914230749E-002
  0.273437500000000      -0.264631737872739      -6.045939419269918E-002
  0.281250000000000      -0.265705890175145      -5.732968217510170E-002
  0.289062500000000      -0.271365101115311      -5.766189651464251E-002
  0.296875000000000      -0.276853793836609      -5.971442954910937E-002
  0.304687500000000      -0.284076685365210      -6.448469208972456E-002
  0.312500000000000      -0.286892337979452      -7.389304586282049E-002
  0.320312500000000      -0.287698463557856      -8.232904537854124E-002
  0.328125000000000      -0.286018085445475      -9.164893110295930E-002
  0.335937500000000      -0.280613679458035      -9.750623888316261E-002
  0.343750000000000      -0.276058092310715      -0.102038455836042     
  0.351562500000000      -0.269326182458992      -0.104706990950385     
  0.359375000000000      -0.263055755482385      -9.827981190176774E-002
  0.367187500000000      -0.268140863520762      -9.420985357525362E-002
  0.375000000000000      -0.274040699774818      -9.424027932104935E-002
  0.382812500000000      -0.281373699405840      -9.589916000435868E-002
  0.390625000000000      -0.290969158461584      -0.104325564244708     
  0.398437500000000      -0.296337492673712      -0.115473665999767     
  0.406250000000000      -0.300311172439764      -0.129314538777281     
  0.414062500000000      -0.300746061359117      -0.150157758796692     
  0.421875000000000      -0.286457438541277      -0.164881461787932     
  0.429687500000000      -0.274347548487222      -0.173984234121042     
  0.437500000000000      -0.260846804921523      -0.181087159982534     
  0.445312500000000      -0.242657284134995      -0.181157932324224     
  0.453125000000000      -0.237286873802722      -0.174537915201835     
  0.460937500000000      -0.234385339183455      -0.172734229849566     
  0.468750000000000      -0.232579418737915      -0.172527715501195     
  0.476562500000000      -0.233442053461320      -0.173100551824985     
  0.484375000000000      -0.235874421944409      -0.182975097756462     
  0.492187500000000      -0.231742676110277      -0.196837103046347     
  0.500000000000000      -0.219459590815674      -0.213693544977403     
  0.507812500000000      -0.191823980000780      -0.227219060473512     
  0.515625000000000      -0.164226775927493      -0.213517499512455     
  0.523437500000000      -0.150382029449055      -0.204772461397225     
  0.531250000000000      -0.133939644113050      -0.196403565949807     
  0.539062500000000      -0.113575562825416      -0.182036741695752     
  0.546875000000000      -9.317809331466091E-002 -0.145071140563727     
  0.554687500000000      -0.114084530784248      -0.115049318987792     
  0.562500000000000      -0.131244269563551      -0.102554087245502     
  0.570312500000000      -0.146264821090979      -9.650071652881126E-002
  0.578125000000000      -0.159819836965084      -9.514208451363800E-002
  0.585937500000000      -0.169970007249693      -0.100444851555168     
  0.593750000000000      -0.172871286457432      -0.103242367372383     
  0.601562500000000      -0.175661509159401      -0.104227147698322     
  0.609375000000000      -0.178483640084277      -0.104579659030698     
  0.617187500000000      -0.181683779227801      -0.104584278164325     
  0.625000000000000      -0.186692122537308      -0.105639409960766     
  0.632812500000000      -0.189128292294648      -0.109063298443305     
  0.640625000000000      -0.190106411430869      -0.111792589692225     
  0.648437500000000      -0.190071156348101      -0.113910162136651     
  0.656250000000000      -0.188896809332518      -0.115143954242952     
  0.664062500000000      -0.185373834644170      -0.113681249787638     
  0.671875000000000      -0.188614244366426      -0.107464664871516     
  0.679687500000000      -0.193710192391723      -0.105087125060821     
  0.687500000000000      -0.199422066050159      -0.104064771298681     
  0.695312500000000      -0.205940058031763      -0.104132041134307     
  0.703125000000000      -0.213795932808221      -0.105744666926382     
  0.710937500000000      -0.221702051354572      -0.112835949318565     
  0.718750000000000      -0.224442984790125      -0.119584108488405     
  0.726562500000000      -0.226440800733094      -0.125241647038369     
  0.734375000000000      -0.228131132262712      -0.130424297696968     
  0.742187500000000      -0.229824297961955      -0.135439442802250     
  0.750000000000000      -0.231840370754820      -0.141108727425263     
  0.757812500000000      -0.231163311784349      -0.147734023416561     
  0.765625000000000      -0.230602549094464      -0.152070499639859     
  0.773437500000000      -0.230637276364938      -0.156120636179480     
  0.781250000000000      -0.231248553514404      -0.160225243120140     
  0.789062500000000      -0.232739002654815      -0.164963010766085     
  0.796875000000000      -0.235382264964398      -0.172594136748002     
  0.804687500000000      -0.228412235372918      -0.185009412227821     
  0.812500000000000      -0.220538829861026      -0.185949478059314     
  0.820312500000000      -0.216740831760406      -0.184901317647374     
  0.828125000000000      -0.215526882588097      -0.183634031430865     
  0.835937500000000      -0.216156228670019      -0.182657055514547     
  0.843750000000000      -0.217846565489851      -0.182004168144537     
  0.851562500000000      -0.220839900589532      -0.175203862587443     
  0.859375000000000      -0.243832228946875      -0.179705230779984     
  0.867187500000000      -0.251390073925878      -0.203256810559977     
  0.875000000000000      -0.245426464048448      -0.220604164637733     
  0.882812500000000      -0.237204473937899      -0.231191256362354     
  0.890625000000000      -0.229099866999992      -0.237724889482465     
  0.898437500000000      -0.221677000149762      -0.240587659623834     
  0.906250000000000      -0.219624660878607      -0.238675692303604     
  0.914062500000000      -0.222217756998915      -0.241910329010080     
  0.921875000000000      -0.224860019159800      -0.247593754645500     
  0.929687500000000      -0.227617008152108      -0.255266492654858     
  0.937500000000000      -0.230320979607785      -0.265101763905316     
  0.945312500000000      -0.232610349313435      -0.277570830580519     
  0.953125000000000      -0.233714071710335      -0.293615495224954     
  0.960937500000000      -0.228492692596980      -0.314758295224850     
  0.968750000000000      -0.218188444713128      -0.330722231026319     
  0.976562500000000      -0.207240594938186      -0.345730856836362     
  0.984375000000000      -0.194629403898581      -0.360638705092792     
  0.992187500000000      -0.179511853603869      -0.375500486557583     
   1.00000000000000      -0.160874394295419      -0.389891809150549     
   1.00781250000000      -0.137365060736317      -0.402625232910894     
   1.01562500000000      -0.106426308460767      -0.410379839926997     
   1.02343750000000      -7.882097367598216E-002 -0.402172639620686     
   1.03125000000000      -5.907775615784737E-002 -0.394281801456722     
   1.03906250000000      -4.202295338261840E-002 -0.386624135716877     
   1.04687500000000      -2.643088420989490E-002 -0.378919643677162     
   1.05468750000000      -1.166905164711601E-002 -0.370802511967782     
   1.06250000000000       2.593016785606942E-003 -0.361727523743884     
   1.07031250000000       1.637722940751060E-002 -0.350721254259517     
   1.07812500000000       2.723979880283982E-002 -0.334284947491674     
   1.08593750000000       2.973024266004123E-002 -0.322631191244784     
   1.09375000000000       3.316166326283806E-002 -0.314387346058951     
   1.10156250000000       3.720836474111087E-002 -0.307555501287693     
   1.10937500000000       4.183903268476960E-002 -0.301483287671997     
   1.11718750000000       4.709116552566899E-002 -0.295743097454874     
   1.12500000000000       5.301193886129076E-002 -0.289910290659857     
   1.13281250000000       5.956832064151296E-002 -0.283436604663161     
   1.14062500000000       6.650219510105695E-002 -0.275450923465726     
   1.14843750000000       7.111311210410043E-002 -0.265802717590919     
   1.15625000000000       7.452973114175571E-002 -0.257086495155540     
   1.16406250000000       7.744126297237620E-002 -0.248746368281682     
   1.17187500000000       7.994918050678504E-002 -0.240572429160400     
   1.17968750000000       8.204483660924744E-002 -0.232428210472146     
   1.18750000000000       8.365074202364844E-002 -0.224204379878865     
   1.19531250000000       8.460175077534728E-002 -0.215789183026441     
   1.20312500000000       8.450789036028011E-002 -0.206995475252420     
   1.21093750000000       8.107475609766364E-002 -0.198670046749666     
   1.21875000000000       7.812805620480109E-002 -0.194299813615529     
   1.22656250000000       7.637741075823985E-002 -0.190641099709020     
   1.23437500000000       7.528965923520375E-002 -0.187317641122862     
   1.24218750000000       7.465066277097675E-002 -0.184184749865222     
   1.25000000000000       7.433033143995199E-002 -0.181167459934022     
   1.25781250000000       7.423294957148527E-002 -0.178229107411366     
   1.26562500000000       7.427963618247344E-002 -0.175361721438500     
   1.27343750000000       7.437744104595198E-002 -0.172581097896952     
   1.28125000000000       7.433327295564522E-002 -0.170335402296551     
   1.28906250000000       7.527582970409213E-002 -0.168467414827659     
   1.29687500000000       7.676894913063692E-002 -0.166294815045293     
   1.30468750000000       7.862987220387989E-002 -0.163780849174518     
   1.31250000000000       8.075949466178173E-002 -0.160869063002525     
   1.32031250000000       8.306795718447535E-002 -0.157487173745107     
   1.32812500000000       8.544728242672947E-002 -0.153548133347827     
   1.33593750000000       8.774811127199181E-002 -0.148949446684461     
   1.34375000000000       8.974064679885155E-002 -0.143557389032325     
   1.35156250000000       9.093358580192665E-002 -0.137009752832704     
   1.35937500000000       8.941346752382401E-002 -0.131264407085819     
   1.36718750000000       8.837044345523967E-002 -0.126926680126355     
   1.37500000000000       8.757168282745055E-002 -0.122938347582132     
   1.38281250000000       8.691127367521845E-002 -0.119120432947806     
   1.39062500000000       8.633948568351334E-002 -0.115395133863122     
   1.39843750000000       8.583956490995899E-002 -0.111717339728863     
   1.40625000000000       8.543224867794483E-002 -0.108033394619998     
   1.41406250000000       8.515891587437600E-002 -0.104191729517801     
   1.42187500000000       8.484247018060688E-002 -9.982873698554982E-002
   1.42968750000000       8.346654431153626E-002 -9.487480903002110E-002
   1.43750000000000       8.148716158118714E-002 -9.145083735060433E-002
   1.44531250000000       8.007167292004903E-002 -8.811164949676162E-002
   1.45312500000000       7.874745947911342E-002 -8.470979225553654E-002
   1.46093750000000       7.737927953781044E-002 -8.122334496632026E-002
   1.46875000000000       7.587096859924342E-002 -7.765266634633565E-002
   1.47656250000000       7.413180657523194E-002 -7.401534289765674E-002
   1.48437500000000       7.206189938618850E-002 -7.035125735875764E-002
   1.49218750000000       6.953824813118024E-002 -6.673723799665754E-002
   1.50000000000000       6.638774544322498E-002 -6.332464619783752E-002
   1.50781250000000       6.227639083728265E-002 -6.048389667398702E-002
   1.51562500000000       5.788244207783040E-002 -6.047830648300985E-002
   1.52343750000000       5.600388109089002E-002 -6.052305331090885E-002
   1.53125000000000       5.470583820763365E-002 -6.002575154116366E-002
   1.53906250000000       5.371256232442409E-002 -5.917348440158431E-002
   1.54687500000000       5.290807619378329E-002 -5.802602663943671E-002
   1.55468750000000       5.222139546439462E-002 -5.660293497136453E-002
   1.56250000000000       5.159757882409145E-002 -5.490224874806282E-002
   1.57031250000000       5.098496551260821E-002 -5.290482480500634E-002
   1.57812500000000       5.032597050207204E-002 -5.057045023890635E-002
   1.58593750000000       4.954425715366750E-002 -4.781676934645070E-002
   1.59375000000000       4.849729325519093E-002 -4.440138986682652E-002
   1.60156250000000       4.554693299851517E-002 -4.035001315940744E-002
   1.60937500000000       4.208143968648457E-002 -3.798386314342098E-002
   1.61718750000000       3.874746652675607E-002 -3.615028204782715E-002
   1.62500000000000       3.545554280630631E-002 -3.467482201652977E-002
   1.63281250000000       3.217687809475809E-002 -3.350899773663604E-002
   1.64062500000000       2.890597816656823E-002 -3.264335192753762E-002
   1.64843750000000       2.565382223647018E-002 -3.208683773776234E-002
   1.65625000000000       2.244869869265107E-002 -3.185865793702128E-002
   1.66406250000000       1.934202814673976E-002 -3.198243446334972E-002
   1.67187500000000       1.642102368340952E-002 -3.247703272758169E-002
   1.67968750000000       1.383656337992369E-002 -3.333309324385191E-002
   1.68750000000000       1.196832709506687E-002 -3.436939694590115E-002
   1.69531250000000       1.022134354689485E-002 -3.476080946813519E-002
   1.70312500000000       8.319729750834092E-003 -3.520731657028305E-002
   1.71093750000000       6.390846933028933E-003 -3.574617349220270E-002
   1.71875000000000       4.459338710880214E-003 -3.639816316690056E-002
   1.72656250000000       2.532527604936917E-003 -3.718474182061073E-002
   1.73437500000000       6.119162715476792E-004 -3.813269563159719E-002
   1.74218750000000      -1.303380259532887E-003 -3.927831420592650E-002
   1.75000000000000      -3.215254174831540E-003 -4.067390518874572E-002
   1.75781250000000      -5.125832621624207E-003 -4.240069671897286E-002
   1.76562500000000      -7.036586282051709E-003 -4.460000288873221E-002
   1.77343750000000      -8.945546175226081E-003 -4.757606455309385E-002
   1.78125000000000      -1.077006658894736E-002 -5.283126287974474E-002
   1.78906250000000      -7.469983982130090E-003 -5.765108546040703E-002
   1.79687500000000      -4.292277154581476E-003 -6.019973480614955E-002
   1.80468750000000      -1.126929323442401E-003 -6.182616930527777E-002
   1.81250000000000       2.064165481585841E-003 -6.279623927809551E-002
   1.82031250000000       5.303797373473537E-003 -6.321100796427893E-002
   1.82812500000000       8.606953723350975E-003 -6.310449670231646E-002
   1.83593750000000       1.198324381169712E-002 -6.247081040981652E-002
   1.84375000000000       1.543783640338410E-002 -6.127113783943564E-002
   1.85156250000000       1.897185638605105E-002 -5.942947526732380E-002
   1.85937500000000       2.258273233900123E-002 -5.681355664742919E-002
   1.86718750000000       2.626522510892042E-002 -5.317747928163501E-002
   1.87500000000000       3.001580313422394E-002 -4.792950223528823E-002
   1.88281250000000       3.148259738143313E-002 -3.846477905591025E-002
   1.89062500000000       2.807048941142909E-002 -3.187835390809189E-002
   1.89843750000000       2.447544120649612E-002 -2.706175817543624E-002
   1.90625000000000       2.066325192573788E-002 -2.319451466132647E-002
   1.91406250000000       1.661976478964903E-002 -2.004649744178038E-002
   1.92187500000000       1.233996129154661E-002 -1.753807835440244E-002
   1.92968750000000       7.827192095553735E-003 -1.565779691087279E-002
   1.93750000000000       3.094821151651505E-003 -1.443672026940455E-002
   1.94531250000000      -1.830547399609839E-003 -1.394050131645805E-002
   1.95312500000000      -6.903880055852987E-003 -1.427082201293870E-002
   1.96093750000000      -1.205304480213130E-002 -1.557743263239439E-002
   1.96875000000000      -1.716192712273143E-002 -1.809443225878838E-002
   1.97656250000000      -2.202525143355278E-002 -2.226975625134828E-002
   1.98437500000000      -2.589211463771970E-002 -3.014637211107432E-002
   1.99218750000000      -2.247411860530637E-002 -3.631304691412554E-002
   2.00000000000000      -1.956091912543316E-002 -3.946516451449451E-002
   2.00781250000000      -1.681805485310399E-002 -4.142425764313477E-002
   2.01562500000000      -1.418315701760344E-002 -4.257720311488444E-002
   2.02343750000000      -1.163640281744441E-002 -4.309011100529418E-002
   2.03125000000000      -9.175894965566428E-003 -4.304570748035480E-002
   2.03906250000000      -6.810726165877661E-003 -4.248446316428652E-002
   2.04687500000000      -4.558893036497927E-003 -4.142026160304403E-002
   2.05468750000000      -2.447498660119393E-003 -3.984590877971744E-002
   2.06250000000000      -5.150299154905650E-004 -3.773218005400342E-002
   2.07031250000000       1.182858879320924E-003 -3.501884054888878E-002
   2.07812500000000       2.558576873227457E-003 -3.158716195743383E-002
   2.08593750000000       3.443332939784573E-003 -2.716163086625483E-002
   2.09375000000000       2.889382370396032E-003 -2.028451081254115E-002
   2.10156250000000      -2.469171586669202E-003 -1.624520292647761E-002
   2.10937500000000      -6.856694090832833E-003 -1.428489278379911E-002
   2.11718750000000      -1.084292786668853E-002 -1.316668892749655E-002
   2.12500000000000      -1.456447490512599E-002 -1.260565874496924E-002
   2.13281250000000      -1.808474448482401E-002 -1.247367916069736E-002
   2.14062500000000      -2.143852907766504E-002 -1.270236362199993E-002
   2.14843750000000      -2.464582526720386E-002 -1.325349420998225E-002
   2.15625000000000      -2.771744132220370E-002 -1.410737608248748E-002
   2.16406250000000      -3.065744655618063E-002 -1.525811545264651E-002
   2.17187500000000      -3.346393536557150E-002 -1.671273043307937E-002
   2.17968750000000      -3.612832289189253E-002 -1.849387013121645E-002
   2.18750000000000      -3.863225505470941E-002 -2.064875389187049E-002
   2.19531250000000      -4.093797446079924E-002 -2.327536940272022E-002
   2.20312500000000      -4.294771653083580E-002 -2.662918218932556E-002
   2.21093750000000      -4.311939841235816E-002 -3.136116943019194E-002
   2.21875000000000      -4.180128102083577E-002 -3.395453977720618E-002
   2.22656250000000      -4.074762070000646E-002 -3.578725216327131E-002
   2.23437500000000      -3.981173318970174E-002 -3.722378569354262E-002
   2.24218750000000      -3.894717589523310E-002 -3.838550630075002E-002
   2.25000000000000      -3.813300141786388E-002 -3.933190326918252E-002
   2.25781250000000      -3.735904482081126E-002 -4.009666531535062E-002
   2.26562500000000      -3.662100482968693E-002 -4.070002348359422E-002
   2.27343750000000      -3.591845042593941E-002 -4.115403382444361E-002
   2.28125000000000      -3.525403375900125E-002 -4.146504017929169E-002
   2.28906250000000      -3.463340095844655E-002 -4.163467707587654E-002
   2.29687500000000      -3.406576286002472E-002 -4.165976534457129E-002
   2.30468750000000      -3.356553707777997E-002 -4.153073935561420E-002
   2.31250000000000      -3.315662712967387E-002 -4.122673809453040E-002
   2.32031250000000      -3.288638843245866E-002 -4.069852393594713E-002
   2.32812500000000      -3.293312348663106E-002 -3.973105939410023E-002
   2.33593750000000      -3.406036434907944E-002 -3.932919212248125E-002
   2.34375000000000      -3.485410819822705E-002 -3.944484663972619E-002
   2.35156250000000      -3.551269611430325E-002 -3.970151217167472E-002
   2.35937500000000      -3.608415836580982E-002 -4.003876866198658E-002
   2.36718750000000      -3.659019277751111E-002 -4.042967863350039E-002
   2.37500000000000      -3.704291900142945E-002 -4.085914551958542E-002
   2.38281250000000      -3.744989338912182E-002 -4.131755712981659E-002
   2.39062500000000      -3.781616709774405E-002 -4.179822734393201E-002
   2.39843750000000      -3.814529404877769E-002 -4.229617033034918E-002
   2.40625000000000      -3.843988768993836E-002 -4.280744204459273E-002
   2.41406250000000      -3.870195948121529E-002 -4.332875651149085E-002
   2.42187500000000      -3.893314484624052E-002 -4.385724993246694E-002
   2.42968750000000      -3.913487270462306E-002 -4.439033778644540E-002
   2.43750000000000      -3.930851665654795E-002 -4.492566603765235E-002
   2.44531250000000      -3.945556189437627E-002 -4.546132601813171E-002
   2.45312500000000      -3.957758744464526E-002 -4.599847743803451E-002
   2.46093750000000      -3.965302403780021E-002 -4.652135712198741E-002
   2.46875000000000      -3.973304600272433E-002 -4.701617276907064E-002
   2.47656250000000      -3.981298051353468E-002 -4.751094217613437E-002
   2.48437500000000      -3.988769601397534E-002 -4.801028683037910E-002
   2.49218750000000      -3.995414957411012E-002 -4.851650368074679E-002
   2.50000000000000      -4.000997091888458E-002 -4.903117919763338E-002
   2.53125000000000      -4.008007278655775E-002 -5.119992629968852E-002
   2.56250000000000      -3.970273695225861E-002 -5.360814340454300E-002
   2.59375000000000      -3.805436907553773E-002 -5.560622769994713E-002
   2.62500000000000      -3.715214460506890E-002 -5.649301172281451E-002
   2.65625000000000      -3.649496079995697E-002 -5.762605251778638E-002
   2.68750000000000      -3.589848615462989E-002 -5.906647207419987E-002
   2.71875000000000      -3.444252896176422E-002 -6.193723955881230E-002
   2.75000000000000      -3.116414410274652E-002 -6.067122838395203E-002
   2.78125000000000      -3.066860371809302E-002 -6.026611370877274E-002
   2.81250000000000      -3.032533387187526E-002 -6.037707042258358E-002
   2.84375000000000      -3.008363821828093E-002 -6.084286249193568E-002
   2.87500000000000      -2.985595690801351E-002 -6.215989428835057E-002
   2.90625000000000      -2.807260654026805E-002 -6.329286517715652E-002
   2.93750000000000      -2.623873047133168E-002 -6.370655829465086E-002
   2.96875000000000      -2.436648638520637E-002 -6.366635053821489E-002
   3.00000000000000      -2.246255867846232E-002 -6.313295593875115E-002
   3.03125000000000      -2.060750597966833E-002 -6.149404075838685E-002
   3.06250000000000      -2.051433104758393E-002 -5.978011846313348E-002
   3.09375000000000      -2.068103585796571E-002 -5.864144798687126E-002
   3.12500000000000      -2.104999100932333E-002 -5.771682242943534E-002
   3.15625000000000      -2.172833243789729E-002 -5.689626508151794E-002
   3.18750000000000      -2.328698425082958E-002 -5.612240016287555E-002
   3.21875000000000      -2.497341931817558E-002 -5.764948491936331E-002
   3.25000000000000      -2.550841200486413E-002 -5.936481675462361E-002
   3.28125000000000      -2.543264845540424E-002 -6.125935516662434E-002
   3.31250000000000      -2.468705751282443E-002 -6.328344953365521E-002
   3.34375000000000      -2.305549429453462E-002 -6.528692903013725E-002
   3.37500000000000      -2.027390837909802E-002 -6.623981434557641E-002
   3.40625000000000      -1.791356969382556E-002 -6.624854030167307E-002
   3.43750000000000      -1.561990398674589E-002 -6.580664479827729E-002
   3.46875000000000      -1.338077834151700E-002 -6.479314030136823E-002
   3.50000000000000      -1.130529026478539E-002 -6.301633272713685E-002
   3.53125000000000      -9.698957769362294E-003 -5.990034431194959E-002
   3.56250000000000      -1.150241987378473E-002 -5.679660456316689E-002
   3.59375000000000      -1.315882856765332E-002 -5.577241440073236E-002
   3.62500000000000      -1.460700405750866E-002 -5.532933148926317E-002
   3.65625000000000      -1.600246441880383E-002 -5.527049153204354E-002
   3.68750000000000      -1.748190924820928E-002 -5.560155273579144E-002
   3.71875000000000      -1.934053835355218E-002 -5.669489070241521E-002
   3.75000000000000      -1.951822108681386E-002 -5.932933175852081E-002
   3.78125000000000      -1.883895664372073E-002 -6.095198044813244E-002
   3.81250000000000      -1.790657168422726E-002 -6.216314039520643E-002
   3.84375000000000      -1.679586041072127E-002 -6.301614583730494E-002
   3.87500000000000      -1.558863137773017E-002 -6.344825953149075E-002
   3.90625000000000      -1.447656415811719E-002 -6.323515211958852E-002
   3.93750000000000      -1.493099616148814E-002 -6.276258370613512E-002
   3.96875000000000      -1.523881273242391E-002 -6.373646064814130E-002
   4.00000000000000      -1.506156273276206E-002 -6.503759657657816E-002
   4.03125000000000      -1.447059352388413E-002 -6.650107745983240E-002
   4.06250000000000      -1.345488234182677E-002 -6.804593068592167E-002
   4.09375000000000      -1.194086348959437E-002 -6.960756725228973E-002
   4.12500000000000      -9.506719324979623E-003 -7.109503434706199E-002
   4.15625000000000      -7.019444589624922E-003 -7.096642265166683E-002
   4.18750000000000      -5.090112237492602E-003 -7.079997158496014E-002
   4.21875000000000      -3.312807907101355E-003 -7.059909129992276E-002
   4.25000000000000      -1.589443595854196E-003 -7.036820545345643E-002
   4.28125000000000       1.458701267366652E-004 -7.011627388298389E-002
   4.31250000000000       1.983693827292376E-003 -6.986758959923255E-002
   4.34375000000000       4.406895631996815E-003 -6.966877299248996E-002
   4.37500000000000       6.872260471306024E-003 -6.808731462270859E-002
   4.40625000000000       8.690799233503792E-003 -6.625767591116730E-002
   4.43750000000000       1.012936766228785E-002 -6.427803779391020E-002
   4.46875000000000       1.123938697413193E-002 -6.215794517195231E-002
   4.50000000000000       1.201187500724106E-002 -5.987903725811141E-002
   4.53125000000000       1.237089166520366E-002 -5.738396132664157E-002
   4.56250000000000       1.199292577595342E-002 -5.444899180164475E-002
   4.59375000000000       9.760157240860542E-003 -5.281131656927358E-002
   4.62500000000000       8.402949793856619E-003 -5.233278910053357E-002
   4.65625000000000       7.413971637609899E-003 -5.211509951324589E-002
   4.68750000000000       6.647886636622642E-003 -5.206602699583818E-002
   4.71875000000000       6.043994656446341E-003 -5.215487105678857E-002
   4.75000000000000       5.574464010654972E-003 -5.237965616553893E-002
   4.78125000000000       5.237375076563800E-003 -5.277449227744647E-002
   4.81250000000000       5.268947597655801E-003 -5.351283936397679E-002
   4.84375000000000       5.768196202901065E-003 -5.380022950804007E-002
   4.87500000000000       6.202182045540903E-003 -5.391826465684966E-002
   4.90625000000000       6.623926296263406E-003 -5.396944475620889E-002
   4.93750000000000       7.048543734103811E-003 -5.398246960103058E-002
   4.96875000000000       7.483992234521989E-003 -5.397031161070563E-002
   5.00000000000000       7.936699368881596E-003 -5.393971191533078E-002
   5.03125000000000       8.415545638773501E-003 -5.389392285670015E-002
   5.06250000000000       8.952818974916553E-003 -5.381335612481252E-002
   5.09375000000000       9.466710529543202E-003 -5.365346532123353E-002
   5.12500000000000       9.964120408846257E-003 -5.348189702603276E-002
   5.15625000000000       1.045558554803115E-002 -5.329989289392309E-002
   5.18750000000000       1.094437751521887E-002 -5.311109954748770E-002
   5.21875000000000       1.143343940348449E-002 -5.292037987238999E-002
   5.25000000000000       1.192735145721410E-002 -5.273463406176237E-002
   5.28125000000000       1.243570234740653E-002 -5.256567174503303E-002
   5.31250000000000       1.299087775671613E-002 -5.244619838313622E-002
   5.34375000000000       1.375484448318695E-002 -5.222748396801328E-002
   5.37500000000000       1.443695087223350E-002 -5.184928726094453E-002
   5.40625000000000       1.506981357788742E-002 -5.142534254422712E-002
   5.43750000000000       1.566742836320172E-002 -5.096940311414445E-002
   5.46875000000000       1.623581134206707E-002 -5.048809994454249E-002
   5.50000000000000       1.677873471473993E-002 -4.998597783955937E-002
   5.53125000000000       1.729986590244487E-002 -4.946718331920075E-002
   5.56250000000000       1.780555837754420E-002 -4.893704822521158E-002
   5.59375000000000       1.832242734547198E-002 -4.840910596834470E-002
   5.62500000000000       1.886860951927768E-002 -4.776379557922836E-002
   5.65625000000000       1.933081256899656E-002 -4.706690435146495E-002
   5.68750000000000       1.973492108851893E-002 -4.633712543073907E-002
   5.71875000000000       2.008040718259990E-002 -4.557757226682854E-002
   5.75000000000000       2.036189542771751E-002 -4.478988080984394E-002
   5.78125000000000       2.056963534138415E-002 -4.397476604593942E-002
   5.81250000000000       2.068676207616642E-002 -4.313181053591549E-002
   5.84375000000000       2.067998585489353E-002 -4.225819298171418E-002
   5.87500000000000       2.045103308145035E-002 -4.134133027403220E-002
   5.90625000000000       1.978989402979042E-002 -4.088500823694654E-002
   5.93750000000000       1.951999663808695E-002 -4.074635513109928E-002
   5.96875000000000       1.940701276354534E-002 -4.062442777340992E-002
   6.00000000000000       1.938971788226136E-002 -4.050960984680500E-002
   6.03125000000000       1.944485094235416E-002 -4.039838035926999E-002
   6.06250000000000       1.956245565328862E-002 -4.028929866479869E-002
   6.09375000000000       1.974061407031588E-002 -4.018210136286401E-002
   6.12500000000000       1.998587761565637E-002 -4.007761529872945E-002
   6.15625000000000       2.032140616429700E-002 -3.997852557591184E-002
   6.18750000000000       2.085677977344149E-002 -3.989628507622666E-002
   6.21875000000000       2.151939639404285E-002 -3.932506012191640E-002
   6.25000000000000       2.191205566691723E-002 -3.869007492045717E-002
   6.28125000000000       2.220210291756637E-002 -3.804254897994110E-002
   6.31250000000000       2.241773636759280E-002 -3.738537623583058E-002
   6.34375000000000       2.256882868926475E-002 -3.671971141243953E-002
   6.37500000000000       2.265749148763051E-002 -3.604592890444240E-002
   6.40625000000000       2.268017212667606E-002 -3.536374140404171E-002
   6.43750000000000       2.262627951333459E-002 -3.467187483039646E-002
   6.46875000000000       2.247086755728828E-002 -3.396674013993121E-002
   6.50000000000000       2.213243868869855E-002 -3.323459603325688E-002
   6.53125000000000       2.145343190753068E-002 -3.290474745966460E-002
   6.56250000000000       2.109408266677747E-002 -3.282359904555469E-002
   6.59375000000000       2.086097411375528E-002 -3.276618578611468E-002
   6.62500000000000       2.070598945930569E-002 -3.272435596047034E-002
   6.65625000000000       2.061019483884528E-002 -3.269568520844033E-002
   6.68750000000000       2.056488764305315E-002 -3.267988071973723E-002
   6.71875000000000       2.056704829891415E-002 -3.267805059345225E-002
   6.75000000000000       2.061847106416738E-002 -3.269280798832649E-002
   6.78125000000000       2.072748614886374E-002 -3.272921981945510E-002
   6.81250000000000       2.091708322510328E-002 -3.279829778128122E-002
   6.84375000000000       2.129799164985072E-002 -3.294674074409473E-002
   6.87500000000000       2.189840466320442E-002 -3.266595189623885E-002
   6.90625000000000       2.229158693978923E-002 -3.228288188276335E-002
   6.93750000000000       2.260563665482306E-002 -3.186412614336720E-002
   6.96875000000000       2.286443997631270E-002 -3.142078136085151E-002
   7.00000000000000       2.307771935147719E-002 -3.095778460722235E-002
   7.03125000000000       2.324959189806851E-002 -3.047759197602724E-002
   7.06250000000000       2.338082498395370E-002 -2.998118421943079E-002
   7.09375000000000       2.346919444657522E-002 -2.946825830399666E-002
   7.12500000000000       2.350838305787898E-002 -2.893680107355780E-002
   7.15625000000000       2.348350452281886E-002 -2.838125416075334E-002
   7.18750000000000       2.334610552387241E-002 -2.778209572544536E-002
   7.21875000000000       2.293864978486146E-002 -2.737965779768003E-002
   7.25000000000000       2.268624686504560E-002 -2.717673731112136E-002
   7.28125000000000       2.250511604880953E-002 -2.700872787351092E-002
   7.31250000000000       2.236849349328086E-002 -2.686295986098093E-002
   7.34375000000000       2.226592031136608E-002 -2.673391840162486E-002
   7.37500000000000       2.219233258880714E-002 -2.661845877885459E-002
   7.40625000000000       2.214532478635507E-002 -2.651455367726757E-002
   7.43750000000000       2.212426872514994E-002 -2.642083007364750E-002
   7.46875000000000       2.213022216482802E-002 -2.633639735346701E-002
   7.50000000000000       2.216664022177690E-002 -2.626087306140385E-002
   7.53125000000000       2.224227727888952E-002 -2.619480405159626E-002
   7.56250000000000       2.239142812006278E-002 -2.614312267610813E-002
   7.59375000000000       2.262466420791143E-002 -2.593421978375615E-002
   7.62500000000000       2.276364203222183E-002 -2.568365909843659E-002
   7.65625000000000       2.287104814520514E-002 -2.542883536519241E-002
   7.68750000000000       2.295869943861864E-002 -2.517201476659798E-002
   7.71875000000000       2.303143667126392E-002 -2.491417862168950E-002
   7.75000000000000       2.309156731391926E-002 -2.465587071495310E-002
   7.78125000000000       2.314007522023014E-002 -2.439744173611778E-002
   7.81250000000000       2.317700969976952E-002 -2.413915099018614E-002
   7.84375000000000       2.320149974905190E-002 -2.388122345757781E-002
   7.87500000000000       2.321138605342014E-002 -2.362389957107053E-002
   7.90625000000000       2.320194891423803E-002 -2.336751855589893E-002
   7.93750000000000       2.316028631654901E-002 -2.311281782559276E-002
   7.96875000000000       2.304439513748970E-002 -2.292565680931534E-002
   8.00000000000000       2.300466526131079E-002 -2.281441477109322E-002
   8.03125000000000       2.300039093369570E-002 -2.270153050336559E-002
   8.06250000000000       2.301642570113169E-002 -2.258769739749005E-002
   8.09375000000000       2.304732073496359E-002 -2.247310602326430E-002
   8.12500000000000       2.309029610536284E-002 -2.235779331532292E-002
   8.15625000000000       2.314370773654683E-002 -2.224171108944231E-002
   8.18750000000000       2.320649550484156E-002 -2.212473974699893E-002
   8.21875000000000       2.327792497443076E-002 -2.200667680886898E-002
   8.25000000000000       2.335743148044270E-002 -2.188719823035894E-002
   8.28125000000000       2.344447805858706E-002 -2.176576491429462E-002
   8.31250000000000       2.353831326647211E-002 -2.164136740085292E-002
   8.34375000000000       2.363711507413833E-002 -2.151149110576075E-002
   8.37500000000000       2.372232657869624E-002 -2.137541278867138E-002
   8.40625000000000       2.381110708256006E-002 -2.126734887961415E-002
   8.43750000000000       2.391667822397008E-002 -2.116802608748530E-002
   8.46875000000000       2.403763067464919E-002 -2.107414212837260E-002
   8.50000000000000       2.417428948067126E-002 -2.098450810220732E-002
   8.53125000000000       2.432766787007054E-002 -2.089852725222064E-002
   8.56250000000000       2.449934279464392E-002 -2.081587849386063E-002
   8.59375000000000       2.469153716202076E-002 -2.073641345882871E-002
   8.62500000000000       2.490735111421699E-002 -2.066012586252476E-002
   8.65625000000000       2.515121667863001E-002 -2.058716340197199E-002
   8.68750000000000       2.542981507604169E-002 -2.051789015496885E-002
   8.71875000000000       2.575418335906135E-002 -2.045305746496028E-002
   8.75000000000000       2.614589152410096E-002 -2.039433419389315E-002
   8.78125000000000       2.666939988350214E-002 -2.034716360563177E-002
   8.81250000000000       2.742425197568461E-002 -1.998067778396938E-002
   8.84375000000000       2.791788675306593E-002 -1.944171292514870E-002
   8.87500000000000       2.831090176293413E-002 -1.889315464584410E-002
   8.90625000000000       2.864151255710315E-002 -1.833866098972583E-002
   8.93750000000000       2.892588044950033E-002 -1.777982561976516E-002
   8.96875000000000       2.917305081279570E-002 -1.721756600637135E-002
   9.00000000000000       2.938885685889912E-002 -1.665248876767714E-002
   9.03125000000000       2.957743637400152E-002 -1.608503148062438E-002
   9.06250000000000       2.974197118357406E-002 -1.551553032505242E-002
   9.09375000000000       2.988512905903210E-002 -1.494425748885036E-002
   9.12500000000000       3.000941285986192E-002 -1.437144534205077E-002
   9.15625000000000       3.011758128782575E-002 -1.379730680462526E-002
   9.18750000000000       3.021348945385397E-002 -1.322206401123042E-002
   9.21875000000000       3.030506120208554E-002 -1.264603607381409E-002
   9.25000000000000       3.042692953600402E-002 -1.204138559959080E-002
   9.28125000000000       3.048847050814286E-002 -1.136967275616021E-002
   9.31250000000000       3.050090546399955E-002 -1.069547877717047E-002
   9.34375000000000       3.047594801430606E-002 -1.001954487659863E-002
   9.37500000000000       3.041707893484586E-002 -9.342278426225009E-003
   9.40625000000000       3.032556826158656E-002 -8.663989221770765E-003
   9.43750000000000       3.020158735164908E-002 -7.984941519060075E-003
   9.46875000000000       3.004452906640699E-002 -7.305374144947969E-003
   9.50000000000000       2.985306113445990E-002 -6.625510432392912E-003
   9.53125000000000       2.962501819539555E-002 -5.945563743390164E-003
   9.56250000000000       2.935711324108059E-002 -5.265740324579987E-003
   9.59375000000000       2.904433558490409E-002 -4.586239327239381E-003
   9.62500000000000       2.867863876069624E-002 -3.907247032843978E-003
   9.65625000000000       2.824556517169717E-002 -3.228912364510773E-003
   9.68750000000000       2.771192505714070E-002 -2.551227244395418E-003
   9.71875000000000       2.690521422276365E-002 -1.969668128449928E-003
   9.75000000000000       2.624261112446540E-002 -1.765029974280660E-003
   9.78125000000000       2.571474620318009E-002 -1.563161782535108E-003
   9.81250000000000       2.524689373404179E-002 -1.362858368980034E-003
   9.84375000000000       2.481591261235646E-002 -1.163730505633501E-003
   9.87500000000000       2.440999676054725E-002 -9.655791631837144E-004
   9.90625000000000       2.402181784607735E-002 -7.682853544125880E-004
   9.93750000000000       2.364624131275606E-002 -5.717729220830661E-004
   9.96875000000000       2.327931778500962E-002 -3.759924171844267E-004
   10.0000000000000       2.291773995251232E-002 -1.809132633477545E-004
   10.0312500000000       2.255848379793779E-002  1.347999152800290E-005
   10.0625000000000       2.219849777365336E-002  2.071887740913047E-004
   10.0937500000000       2.183432305131361E-002  4.001989754264450E-004
   10.1250000000000       2.146143472000320E-002  5.924751663841171E-004
   10.1562500000000       2.107264301324969E-002  7.839437391533612E-004
   10.1875000000000       2.065194556877846E-002  9.744276724440675E-004
   10.2187500000000       2.013478601768897E-002  1.099410190732189E-003
   10.2500000000000       1.970693211039463E-002  1.104788993900448E-003
   10.2812500000000       1.933246214999270E-002  1.110518260679005E-003
   10.3125000000000       1.898787836442361E-002  1.116390945503671E-003
   10.3437500000000       1.866475114847520E-002  1.122339635545300E-003
   10.3750000000000       1.835852882251637E-002  1.128332387660253E-003
   10.4062500000000       1.806629429356537E-002  1.134351975283718E-003
   10.4375000000000       1.778598284210410E-002  1.140388739124148E-003
   10.4687500000000       1.751603292993627E-002  1.146437462773810E-003
   10.5000000000000       1.725520465349429E-002  1.152495806028324E-003
   10.5312500000000       1.700247433803094E-002  1.158563448209857E-003
   10.5625000000000       1.675696717978101E-002  1.164641592994392E-003
   10.5937500000000       1.651790925425887E-002  1.170732667747126E-003
   10.6250000000000       1.628458697435963E-002  1.176840116935645E-003
   10.6562500000000       1.605630033571860E-002  1.182968181266034E-003
   10.6875000000000       1.583227264605625E-002  1.189121361876730E-003
   10.7187500000000       1.561125126404537E-002  1.195301325815960E-003
   10.7500000000000       1.539197945207976E-002  1.197487382021879E-003
   10.7812500000000       1.517968569094251E-002  1.198031068042151E-003
   10.8125000000000       1.497179241018814E-002  1.198705724050753E-003
   10.8437500000000       1.476736346506088E-002  1.199524310913498E-003
   10.8750000000000       1.456570389679650E-002  1.200505566854900E-003
   10.9062500000000       1.436615949163192E-002  1.201673926644112E-003
   10.9375000000000       1.416804343036222E-002  1.203061029167235E-003
   10.9687500000000       1.397058083069839E-002  1.204708331824671E-003
   11.0000000000000       1.377284406727129E-002  1.206671281362191E-003
   11.0312500000000       1.357365908823984E-002  1.209026099925599E-003
   11.0625000000000       1.337145287522717E-002  1.211881341147738E-003
   11.0937500000000       1.316398195217770E-002  1.215398841549931E-003
   11.1250000000000       1.294780242941381E-002  1.219834971959834E-003
   11.1562500000000       1.271710889387699E-002  1.225631458475602E-003
   11.1875000000000       1.246074421278255E-002  1.233650144474932E-003
   11.2187500000000       1.215225769202517E-002  1.245956578107180E-003
   11.2500000000000       1.169499481349106E-002  1.270172547640145E-003
   11.2812500000000       1.097020327373204E-002  6.435397050742113E-007
   11.3125000000000       1.156173587292708E-002  5.622448956659739E-007
   11.3437500000000       1.167700309099771E-002  5.332240941879386E-007
   11.3750000000000       1.170155588176018E-002  5.143546673816338E-007
   11.4062500000000       1.168729709264174E-002  4.999788290083082E-007
   11.4375000000000       1.165199624982941E-002  4.881588435978881E-007
   11.4687500000000       1.160385823360497E-002  4.779974150694440E-007
   11.5000000000000       1.154733354851376E-002  4.690050982006008E-007
   11.5312500000000       1.148509571476862E-002  4.608853474303160E-007
   11.5625000000000       1.141886828409652E-002  4.534447391523291E-007
   11.5937500000000       1.134982121599412E-002  4.465499917492215E-007
   11.6250000000000       1.127878038353392E-002  4.401052712965517E-007
   11.6562500000000       1.120634681035907E-002  4.340392810928400E-007
   11.6875000000000       1.113296858277168E-002  4.282974798676468E-007
   11.7187500000000       1.105898632627684E-002  4.228371587962549E-007
   11.7500000000000       1.098466307171599E-002  4.176242076517464E-007
   11.7812500000000       1.091020453500896E-002  4.126309162418262E-007
   11.8125000000000       1.083577326422540E-002  4.078344390384534E-007
   11.8437500000000       1.076149874722480E-002  4.032156952507257E-007
   11.8750000000000       1.068748478477722E-002  3.987585647034341E-007
   11.9062500000000       1.061381496859794E-002  3.944492891031512E-007
   11.9375000000000       1.054055680797365E-002  3.902760181008328E-007
   11.9687500000000       1.046776489973971E-002  3.862284597288835E-007
   12.0000000000000       1.039548337422420E-002  3.822976088654325E-007
   13.0000000000000       9.595830806976185E-003  0.000000000000000E+000
   14.0000000000000       8.910414320763600E-003  0.000000000000000E+000
   15.0000000000000       8.316386699379360E-003  0.000000000000000E+000
   16.0000000000000       7.796612530668151E-003  0.000000000000000E+000
   17.0000000000000       7.337988264158260E-003  0.000000000000000E+000
   18.0000000000000       6.930322249482801E-003  0.000000000000000E+000
   19.0000000000000       6.565568446878442E-003  0.000000000000000E+000
   20.0000000000000       6.237290024534521E-003  0.000000000000000E+000
   21.0000000000000       5.940276213842401E-003  0.000000000000000E+000
   22.0000000000000       5.670263658667746E-003  0.000000000000000E+000
   23.0000000000000       5.423730456116974E-003  0.000000000000000E+000
   24.0000000000000       5.197741687112100E-003  0.000000000000000E+000
   25.0000000000000       4.989832019627616E-003  0.000000000000000E+000
   26.0000000000000       4.797915403488093E-003  0.000000000000000E+000
   27.0000000000000       4.620214832988533E-003  0.000000000000000E+000
   28.0000000000000       4.455207160381800E-003  0.000000000000000E+000
   29.0000000000000       4.301579327265186E-003  0.000000000000000E+000
   30.0000000000000       4.158193349689680E-003  0.000000000000000E+000
   31.0000000000000       4.024058080344852E-003  0.000000000000000E+000
   32.0000000000000       3.898306265334075E-003  0.000000000000000E+000
   33.0000000000000       3.780175772445164E-003  0.000000000000000E+000
   34.0000000000000       3.668994132079130E-003  0.000000000000000E+000
   35.0000000000000       3.564165728305440E-003  0.000000000000000E+000
   36.0000000000000       3.465161124741400E-003  0.000000000000000E+000
   37.0000000000000       3.371508121370011E-003  0.000000000000000E+000
   38.0000000000000       3.282784223439221E-003  0.000000000000000E+000
   39.0000000000000       3.198610268992062E-003  0.000000000000000E+000
   40.0000000000000       3.118645012267260E-003  0.000000000000000E+000
   41.0000000000000       3.042580499772937E-003  0.000000000000000E+000
   42.0000000000000       2.970138106921200E-003  0.000000000000000E+000
   43.0000000000000       2.901065127690474E-003  0.000000000000000E+000
   44.0000000000000       2.835131829333873E-003  0.000000000000000E+000
   45.0000000000000       2.772128899793120E-003  0.000000000000000E+000
   46.0000000000000       2.711865228058487E-003  0.000000000000000E+000
   47.0000000000000       2.654165967887030E-003  0.000000000000000E+000
   48.0000000000000       2.598870843556050E-003  0.000000000000000E+000
   49.0000000000000       2.545832663075314E-003  0.000000000000000E+000
   50.0000000000000       2.494916009813808E-003  0.000000000000000E+000
   51.0000000000000       2.445996088052753E-003  0.000000000000000E+000
   52.0000000000000       2.398957701744046E-003  0.000000000000000E+000
   53.0000000000000       2.353694348880951E-003  0.000000000000000E+000
   54.0000000000000       2.310107416494267E-003  0.000000000000000E+000
   55.0000000000000       2.268105463467098E-003  0.000000000000000E+000
   56.0000000000000       2.227603580190900E-003  0.000000000000000E+000
   57.0000000000000       2.188522815626147E-003  0.000000000000000E+000
   58.0000000000000       2.150789663632593E-003  0.000000000000000E+000
   59.0000000000000       2.114335601537125E-003  0.000000000000000E+000
   60.0000000000000       2.079096674844840E-003  0.000000000000000E+000
   61.0000000000000       2.045013122798204E-003  0.000000000000000E+000
   62.0000000000000       2.012029040172426E-003  0.000000000000000E+000
   63.0000000000000       1.980092071280800E-003  0.000000000000000E+000
   64.0000000000000       1.949153132667038E-003  0.000000000000000E+000
   65.0000000000000       1.919166161395237E-003  0.000000000000000E+000
   66.0000000000000       1.890087886222582E-003  0.000000000000000E+000
   67.0000000000000       1.861877619264036E-003  0.000000000000000E+000
   68.0000000000000       1.834497066039565E-003  0.000000000000000E+000
   69.0000000000000       1.807910152038991E-003  0.000000000000000E+000
   70.0000000000000       1.782082864152720E-003  0.000000000000000E+000
   71.0000000000000       1.756983105502682E-003  0.000000000000000E+000
   72.0000000000000       1.732580562370700E-003  0.000000000000000E+000
   73.0000000000000       1.708846582064252E-003  0.000000000000000E+000
   74.0000000000000       1.685754060685005E-003  0.000000000000000E+000
   75.0000000000000       1.663277339875872E-003  0.000000000000000E+000
   76.0000000000000       1.641392111719611E-003  0.000000000000000E+000
   77.0000000000000       1.620075331047927E-003  0.000000000000000E+000
   78.0000000000000       1.599305134496031E-003  0.000000000000000E+000
   79.0000000000000       1.579060765704942E-003  0.000000000000000E+000
   80.0000000000000       1.559322506133630E-003  0.000000000000000E+000
   81.0000000000000       1.540071610996178E-003  0.000000000000000E+000
   82.0000000000000       1.521290249886468E-003  0.000000000000000E+000
   83.0000000000000       1.502961451695065E-003  0.000000000000000E+000
   84.0000000000000       1.485069053460600E-003  0.000000000000000E+000
   85.0000000000000       1.467597652831652E-003  0.000000000000000E+000
   86.0000000000000       1.450532563845237E-003  0.000000000000000E+000
   87.0000000000000       1.433859775755062E-003  0.000000000000000E+000
   88.0000000000000       1.417565914666937E-003  0.000000000000000E+000
   89.0000000000000       1.401638207760566E-003  0.000000000000000E+000
   90.0000000000000       1.386064449896560E-003  0.000000000000000E+000
   91.0000000000000       1.370832972425169E-003  0.000000000000000E+000
   92.0000000000000       1.355932614029243E-003  0.000000000000000E+000
   93.0000000000000       1.341352693448284E-003  0.000000000000000E+000
   94.0000000000000       1.327082983943515E-003  0.000000000000000E+000
   95.0000000000000       1.313113689375689E-003  0.000000000000000E+000
   96.0000000000000       1.299435421778025E-003  0.000000000000000E+000
   97.0000000000000       1.286039180316396E-003  0.000000000000000E+000
   98.0000000000000       1.272916331537657E-003  0.000000000000000E+000
   99.0000000000000       1.260058590815055E-003  0.000000000000000E+000
   100.000000000000       1.247458004906904E-003  0.000000000000000E+000
   101.000000000000       1.235106935551390E-003  0.000000000000000E+000
   102.000000000000       1.222998044026377E-003  0.000000000000000E+000
   103.000000000000       1.211124276608645E-003  0.000000000000000E+000
   104.000000000000       1.199478850872023E-003  0.000000000000000E+000
   105.000000000000       1.188055242768480E-003  0.000000000000000E+000
   106.000000000000       1.176847174440475E-003  0.000000000000000E+000
   107.000000000000       1.165848602716733E-003  0.000000000000000E+000
   108.000000000000       1.155053708247133E-003  0.000000000000000E+000
   109.000000000000       1.144456885235692E-003  0.000000000000000E+000
   110.000000000000       1.134052731733549E-003  0.000000000000000E+000
   111.000000000000       1.123836040456670E-003  0.000000000000000E+000
   112.000000000000       1.113801790095450E-003  0.000000000000000E+000
   113.000000000000       1.103945137085756E-003  0.000000000000000E+000
   114.000000000000       1.094261407813074E-003  0.000000000000000E+000
   115.000000000000       1.084746091223395E-003  0.000000000000000E+000
   116.000000000000       1.075394831816297E-003  0.000000000000000E+000
   117.000000000000       1.066203422997354E-003  0.000000000000000E+000
   118.000000000000       1.057167800768563E-003  0.000000000000000E+000
   119.000000000000       1.048284037736894E-003  0.000000000000000E+000
   120.000000000000       1.039548337422420E-003  0.000000000000000E+000
   121.000000000000       1.030957028848681E-003  0.000000000000000E+000
   122.000000000000       1.022506561399102E-003  0.000000000000000E+000
   123.000000000000       1.014193499924312E-003  0.000000000000000E+000
   124.000000000000       1.006014520086213E-003  0.000000000000000E+000
   125.000000000000       9.979664039255233E-004  0.000000000000000E+000
   126.000000000000       9.900460356404000E-004  0.000000000000000E+000
   127.000000000000       9.822503975644914E-004  0.000000000000000E+000
   128.000000000000       9.745765663335188E-004  0.000000000000000E+000
   129.000000000000       9.670217092301582E-004  0.000000000000000E+000
   130.000000000000       9.595830806976186E-004  0.000000000000000E+000
   131.000000000000       9.522580190129039E-004  0.000000000000000E+000
   132.000000000000       9.450439431112910E-004  0.000000000000000E+000
   133.000000000000       9.379383495540632E-004  0.000000000000000E+000
   134.000000000000       9.309388096320180E-004  0.000000000000000E+000
   135.000000000000       9.240429665977067E-004  0.000000000000000E+000
   136.000000000000       9.172485330197825E-004  0.000000000000000E+000
   137.000000000000       9.105532882532146E-004  0.000000000000000E+000
   138.000000000000       9.039550760194957E-004  0.000000000000000E+000
   139.000000000000       8.974518020912980E-004  0.000000000000000E+000
   140.000000000000       8.910414320763600E-004  0.000000000000000E+000
   141.000000000000       8.847219892956766E-004  0.000000000000000E+000
   142.000000000000       8.784915527513409E-004  0.000000000000000E+000
   143.000000000000       8.723482551796532E-004  0.000000000000000E+000
   144.000000000000       8.662902811853501E-004  0.000000000000000E+000
   145.000000000000       8.603158654530373E-004  0.000000000000000E+000
   146.000000000000       8.544232910321261E-004  0.000000000000000E+000
   147.000000000000       8.486108876917715E-004  0.000000000000000E+000
   148.000000000000       8.428770303425027E-004  0.000000000000000E+000
   149.000000000000       8.372201375214122E-004  0.000000000000000E+000
   150.000000000000       8.316386699379361E-004  0.000000000000000E+000
   151.000000000000       8.261311290774199E-004  0.000000000000000E+000
   152.000000000000       8.206960558598053E-004  0.000000000000000E+000
   153.000000000000       8.153320293509177E-004  0.000000000000000E+000
   154.000000000000       8.100376655239637E-004  0.000000000000000E+000
   155.000000000000       8.048116160689704E-004  0.000000000000000E+000
   156.000000000000       7.996525672480155E-004  0.000000000000000E+000
   157.000000000000       7.945592387942064E-004  0.000000000000000E+000
   158.000000000000       7.895303828524710E-004  0.000000000000000E+000
   159.000000000000       7.845647829603170E-004  0.000000000000000E+000
   160.000000000000       7.796612530668151E-004  0.000000000000000E+000
   161.000000000000       7.748186365881392E-004  0.000000000000000E+000
   162.000000000000       7.700358054980890E-004  0.000000000000000E+000
   163.000000000000       7.653116594520884E-004  0.000000000000000E+000
   164.000000000000       7.606451249432342E-004  0.000000000000000E+000
   165.000000000000       7.560351544890327E-004  0.000000000000000E+000
   166.000000000000       7.514807258475326E-004  0.000000000000000E+000
   167.000000000000       7.469808412616192E-004  0.000000000000000E+000
   168.000000000000       7.425345267303001E-004  0.000000000000000E+000
   169.000000000000       7.381408313058604E-004  0.000000000000000E+000
   170.000000000000       7.337988264158260E-004  0.000000000000000E+000
   171.000000000000       7.295076052087158E-004  0.000000000000000E+000
   172.000000000000       7.252662819226186E-004  0.000000000000000E+000
   173.000000000000       7.210739912756672E-004  0.000000000000000E+000
   174.000000000000       7.169298878775311E-004  0.000000000000000E+000
   175.000000000000       7.128331456610881E-004  0.000000000000000E+000
   176.000000000000       7.087829573334683E-004  0.000000000000000E+000
   177.000000000000       7.047785338457085E-004  0.000000000000000E+000
   178.000000000000       7.008191038802832E-004  0.000000000000000E+000
   179.000000000000       6.969039133558123E-004  0.000000000000000E+000
   180.000000000000       6.930322249482801E-004  0.000000000000000E+000
   181.000000000000       6.892033176281238E-004  0.000000000000000E+000
   182.000000000000       6.854164862125846E-004  0.000000000000000E+000
   183.000000000000       6.816710409327344E-004  0.000000000000000E+000
   184.000000000000       6.779663070146217E-004  0.000000000000000E+000
   185.000000000000       6.743016242740023E-004  0.000000000000000E+000
   186.000000000000       6.706763467241420E-004  0.000000000000000E+000
   187.000000000000       6.670898421962054E-004  0.000000000000000E+000
   188.000000000000       6.635414919717575E-004  0.000000000000000E+000
   189.000000000000       6.600306904269334E-004  0.000000000000000E+000
   190.000000000000       6.565568446878443E-004  0.000000000000000E+000
   191.000000000000       6.531193742968085E-004  0.000000000000000E+000
   192.000000000000       6.497177108890125E-004  0.000000000000000E+000
   193.000000000000       6.463512978792250E-004  0.000000000000000E+000
   194.000000000000       6.430195901581980E-004  0.000000000000000E+000
   195.000000000000       6.397220537984124E-004  0.000000000000000E+000
   196.000000000000       6.364581657688286E-004  0.000000000000000E+000
   197.000000000000       6.332274136583270E-004  0.000000000000000E+000
   198.000000000000       6.300292954075273E-004  0.000000000000000E+000
   199.000000000000       6.268633190486955E-004  0.000000000000000E+000
   200.000000000000       6.237290024534520E-004  0.000000000000000E+000
   201.000000000000       6.206258730880120E-004  0.000000000000000E+000
   202.000000000000       6.175534677756951E-004  0.000000000000000E+000
   203.000000000000       6.145113324664552E-004  0.000000000000000E+000
   204.000000000000       6.114990220131883E-004  0.000000000000000E+000
   205.000000000000       6.085160999545874E-004  0.000000000000000E+000
   206.000000000000       6.055621383043223E-004  0.000000000000000E+000
   207.000000000000       6.026367173463305E-004  0.000000000000000E+000
   208.000000000000       5.997394254360116E-004  0.000000000000000E+000
   209.000000000000       5.968698588071312E-004  0.000000000000000E+000
   210.000000000000       5.940276213842401E-004  0.000000000000000E+000
   211.000000000000       5.912123246004285E-004  0.000000000000000E+000
   212.000000000000       5.884235872202377E-004  0.000000000000000E+000
   213.000000000000       5.856610351675606E-004  0.000000000000000E+000
   214.000000000000       5.829243013583664E-004  0.000000000000000E+000
   215.000000000000       5.802130255380950E-004  0.000000000000000E+000
   216.000000000000       5.775268541235667E-004  0.000000000000000E+000
   217.000000000000       5.748654400492645E-004  0.000000000000000E+000
   218.000000000000       5.722284426178460E-004  0.000000000000000E+000
   219.000000000000       5.696155273547507E-004  0.000000000000000E+000
   220.000000000000       5.670263658667746E-004  0.000000000000000E+000
   221.000000000000       5.644606357044815E-004  0.000000000000000E+000
   222.000000000000       5.619180202283352E-004  0.000000000000000E+000
   223.000000000000       5.593982084784323E-004  0.000000000000000E+000
   224.000000000000       5.569008950477250E-004  0.000000000000000E+000
   225.000000000000       5.544257799586240E-004  0.000000000000000E+000
   226.000000000000       5.519725685428779E-004  0.000000000000000E+000
   227.000000000000       5.495409713246273E-004  0.000000000000000E+000
   228.000000000000       5.471307039065368E-004  0.000000000000000E+000
   229.000000000000       5.447414868589101E-004  0.000000000000000E+000
   230.000000000000       5.423730456116974E-004  0.000000000000000E+000
   231.000000000000       5.400251103493091E-004  0.000000000000000E+000
   232.000000000000       5.376974159081483E-004  0.000000000000000E+000
   233.000000000000       5.353897016767829E-004  0.000000000000000E+000
   234.000000000000       5.331017114986769E-004  0.000000000000000E+000
   235.000000000000       5.308331935774060E-004  0.000000000000000E+000
   236.000000000000       5.285839003842814E-004  0.000000000000000E+000
   237.000000000000       5.263535885683140E-004  0.000000000000000E+000
   238.000000000000       5.241420188684471E-004  0.000000000000000E+000
   239.000000000000       5.219489560279934E-004  0.000000000000000E+000
   240.000000000000       5.197741687112100E-004  0.000000000000000E+000
   241.000000000000       5.176174294219519E-004  0.000000000000000E+000
   242.000000000000       5.154785144243406E-004  0.000000000000000E+000
   243.000000000000       5.133572036653926E-004  0.000000000000000E+000
   244.000000000000       5.112532806995509E-004  0.000000000000000E+000
   245.000000000000       5.091665326150629E-004  0.000000000000000E+000
   246.000000000000       5.070967499621561E-004  0.000000000000000E+000
   247.000000000000       5.050437266829571E-004  0.000000000000000E+000
   248.000000000000       5.030072600431065E-004  0.000000000000000E+000
   249.000000000000       5.009871505650218E-004  0.000000000000000E+000
   250.000000000000       4.989832019627617E-004  0.000000000000000E+000
   251.000000000000       4.969952210784478E-004  0.000000000000000E+000
   252.000000000000       4.950230178202000E-004  0.000000000000000E+000
   253.000000000000       4.930664051015431E-004  0.000000000000000E+000
   254.000000000000       4.911251987822457E-004  0.000000000000000E+000
   255.000000000000       4.891992176105506E-004  0.000000000000000E+000
   256.000000000000       4.872882831667594E-004  0.000000000000000E+000
   257.000000000000       4.853922198081339E-004  0.000000000000000E+000
   258.000000000000       4.835108546150791E-004  0.000000000000000E+000
   259.000000000000       4.816440173385730E-004  0.000000000000000E+000
   260.000000000000       4.797915403488093E-004  0.000000000000000E+000
   261.000000000000       4.779532585850207E-004  0.000000000000000E+000
   262.000000000000       4.761290095064519E-004  0.000000000000000E+000
   263.000000000000       4.743186330444502E-004  0.000000000000000E+000
   264.000000000000       4.725219715556455E-004  0.000000000000000E+000
   265.000000000000       4.707388697761902E-004  0.000000000000000E+000
   266.000000000000       4.689691747770316E-004  0.000000000000000E+000
   267.000000000000       4.672127359201888E-004  0.000000000000000E+000
   268.000000000000       4.654694048160090E-004  0.000000000000000E+000
   269.000000000000       4.637390352813770E-004  0.000000000000000E+000
   270.000000000000       4.620214832988534E-004  0.000000000000000E+000
   271.000000000000       4.603166069767174E-004  0.000000000000000E+000
   272.000000000000       4.586242665098912E-004  0.000000000000000E+000
   273.000000000000       4.569443241417231E-004  0.000000000000000E+000
   274.000000000000       4.552766441266073E-004  0.000000000000000E+000
   275.000000000000       4.536210926934196E-004  0.000000000000000E+000
   276.000000000000       4.519775380097479E-004  0.000000000000000E+000
   277.000000000000       4.503458501468968E-004  0.000000000000000E+000
   278.000000000000       4.487259010456490E-004  0.000000000000000E+000
   279.000000000000       4.471175644827613E-004  0.000000000000000E+000
   280.000000000000       4.455207160381800E-004  0.000000000000000E+000
   281.000000000000       4.439352330629552E-004  0.000000000000000E+000
   282.000000000000       4.423609946478383E-004  0.000000000000000E+000
   283.000000000000       4.407978815925456E-004  0.000000000000000E+000
   284.000000000000       4.392457763756705E-004  0.000000000000000E+000
   285.000000000000       4.377045631252295E-004  0.000000000000000E+000
   286.000000000000       4.361741275898266E-004  0.000000000000000E+000
   287.000000000000       4.346543571104196E-004  0.000000000000000E+000
   288.000000000000       4.331451405926750E-004  0.000000000000000E+000
   289.000000000000       4.316463684798976E-004  0.000000000000000E+000
   290.000000000000       4.301579327265187E-004  0.000000000000000E+000
   291.000000000000       4.286797267721320E-004  0.000000000000000E+000
   292.000000000000       4.272116455160631E-004  0.000000000000000E+000
   293.000000000000       4.257535852924587E-004  0.000000000000000E+000
   294.000000000000       4.243054438458858E-004  0.000000000000000E+000
   295.000000000000       4.228671203074251E-004  0.000000000000000E+000
   296.000000000000       4.214385151712514E-004  0.000000000000000E+000
   297.000000000000       4.200195302716849E-004  0.000000000000000E+000
   298.000000000000       4.186100687607061E-004  0.000000000000000E+000
   299.000000000000       4.172100350859211E-004  0.000000000000000E+000
   300.000000000000       4.158193349689680E-004  0.000000000000000E+000
   301.000000000000       4.144378753843535E-004  0.000000000000000E+000
   302.000000000000       4.130655645387099E-004  0.000000000000000E+000
   303.000000000000       4.117023118504634E-004  0.000000000000000E+000
   304.000000000000       4.103480279299026E-004  0.000000000000000E+000
   305.000000000000       4.090026245596407E-004  0.000000000000000E+000
   306.000000000000       4.076660146754589E-004  0.000000000000000E+000
   307.000000000000       4.063381123475258E-004  0.000000000000000E+000
   308.000000000000       4.050188327619819E-004  0.000000000000000E+000
   309.000000000000       4.037080922028816E-004  0.000000000000000E+000
   310.000000000000       4.024058080344852E-004  0.000000000000000E+000
   311.000000000000       4.011118986838920E-004  0.000000000000000E+000
   312.000000000000       3.998262836240077E-004  0.000000000000000E+000
