  0.000000000000000E+000 -0.251647275009686       9.033869265628533E-007
  7.812500000000000E-003 -0.252415773516217      -4.120061637138345E-004
  1.562500000000000E-002 -0.255514609807900      -8.302874155751523E-004
  2.343750000000000E-002 -0.269025811597307      -3.944434714066986E-003
  3.125000000000000E-002 -0.227555125090472      -4.369422942388335E-002
  3.906250000000000E-002 -0.239573828073760      -1.177378404154925E-002
  4.687500000000000E-002 -0.242881650162320      -1.209003931330927E-002
  5.468750000000000E-002 -0.245023087952868      -1.221204419200655E-002
  6.250000000000000E-002 -0.247921952034288      -1.420031321283218E-002
  7.031250000000000E-002 -0.250428685071271      -2.056737632248799E-002
  7.812500000000000E-002 -0.246956836598977      -2.824952554598928E-002
  8.593750000000000E-002 -0.237273701542113      -2.784103203507052E-002
  9.375000000000000E-002 -0.235597485815714      -2.424507681339604E-002
  0.101562500000000      -0.235785240023952      -2.328689221535643E-002
  0.109375000000000      -0.236665736000994      -2.258570576368161E-002
  0.117187500000000      -0.236869197548690      -2.574227565120906E-002
  0.125000000000000      -0.231033406145675      -2.736186261372571E-002
  0.132812500000000      -0.232168437931171      -2.157277752293558E-002
  0.140625000000000      -0.233185021209044      -2.097493024997790E-002
  0.148437500000000      -0.235475229510971      -1.973226836418996E-002
  0.156250000000000      -0.237588681347741      -2.022396043885013E-002
  0.164062500000000      -0.239239296477158      -2.146584375821748E-002
  0.171875000000000      -0.240325834498480      -2.231383016521177E-002
  0.179687500000000      -0.242696707875787      -2.355402928521531E-002
  0.187500000000000      -0.243359570339158      -2.629205265699922E-002
  0.195312500000000      -0.242511486007571      -2.738951783745565E-002
  0.203125000000000      -0.244108623721058      -2.821299122541180E-002
  0.210937500000000      -0.244266662603951      -2.980354356109724E-002
  0.218750000000000      -0.244758089924014      -2.934147092225387E-002
  0.226562500000000      -0.246791849021368      -3.013488244749612E-002
  0.234375000000000      -0.248526732247461      -3.116474634756475E-002
  0.242187500000000      -0.251354006481591      -3.262040717164350E-002
  0.250000000000000      -0.253801921358836      -3.516762891710598E-002
  0.257812500000000      -0.256002026543189      -3.883012923266034E-002
  0.265625000000000      -0.256188950671681      -4.221199679645707E-002
  0.273437500000000      -0.256502688823708      -4.499796517863851E-002
  0.281250000000000      -0.256482529945280      -4.691475719283900E-002
  0.289062500000000      -0.258204025279660      -4.890602800792654E-002
  0.296875000000000      -0.259820597423741      -5.178158260188560E-002
  0.304687500000000      -0.261615974495631      -5.561921101163045E-002
  0.312500000000000      -0.261256634459634      -6.003363176007161E-002
  0.320312500000000      -0.260809946993538      -6.353573015698021E-002
  0.328125000000000      -0.259901840506719      -6.672844535615736E-002
  0.335937500000000      -0.259782701310065      -6.858672503756118E-002
  0.343750000000000      -0.260134012390250      -7.189175560722832E-002
  0.351562500000000      -0.259199223386935      -7.562703074455640E-002
  0.359375000000000      -0.256494159637557      -7.675850136402425E-002
  0.367187500000000      -0.257750507239077      -7.668334481862059E-002
  0.375000000000000      -0.260035085265306      -7.809558024229681E-002
  0.382812500000000      -0.263161601152143      -8.009428118133037E-002
  0.390625000000000      -0.268258291914854      -8.521636038650514E-002
  0.398437500000000      -0.271274019190252      -9.261270632779518E-002
  0.406250000000000      -0.273260623244591      -0.101904079656698     
  0.414062500000000      -0.272290021158670      -0.116183889711061     
  0.421875000000000      -0.260697125275498      -0.123031912341992     
  0.429687500000000      -0.253931400594055      -0.125095628306685     
  0.437500000000000      -0.249620494204886      -0.126632548921510     
  0.445312500000000      -0.246542432383088      -0.128467233213693     
  0.453125000000000      -0.244391331249844      -0.130932529756674     
  0.460937500000000      -0.242348152189797      -0.134141685967091     
  0.468750000000000      -0.240378025663406      -0.137699484803990     
  0.476562500000000      -0.239763775256149      -0.141107064516326     
  0.484375000000000      -0.240494149290833      -0.151353411813605     
  0.492187500000000      -0.235188035254005      -0.164952710926258     
  0.500000000000000      -0.221766046532153      -0.180607217241897     
  0.507812500000000      -0.193049549364115      -0.191335645919847     
  0.515625000000000      -0.167252361172932      -0.171233471890957     
  0.523437500000000      -0.159863813115894      -0.157936597111740     
  0.531250000000000      -0.153083366389375      -0.147307366334576     
  0.539062500000000      -0.146342697081705      -0.135694129790683     
  0.546875000000000      -0.140742263706435      -0.117719600801814     
  0.554687500000000      -0.149868523339537      -0.103277901032673     
  0.562500000000000      -0.157587371670210      -9.574835661558406E-002
  0.570312500000000      -0.164488013018208      -9.061706040897553E-002
  0.578125000000000      -0.171179821474495      -8.679266351420478E-002
  0.585937500000000      -0.178923762248995      -8.472607038798323E-002
  0.593750000000000      -0.184810292122225      -8.521771619532524E-002
  0.601562500000000      -0.189682275314274      -8.580978434057621E-002
  0.609375000000000      -0.194303141421773      -8.654969480295356E-002
  0.617187500000000      -0.199273262299393      -8.761811261185679E-002
  0.625000000000000      -0.205740719591013      -9.135999594977366E-002
  0.632812500000000      -0.207711029110991      -9.691289037116961E-002
  0.640625000000000      -0.208444542193726      -0.101427649016144     
  0.648437500000000      -0.208193238455942      -0.105721139697383     
  0.656250000000000      -0.206275987243942      -0.110047649382690     
  0.664062500000000      -0.199426429702080      -0.112888460501022     
  0.671875000000000      -0.197688173272879      -0.106332004523537     
  0.679687500000000      -0.199505059924321      -0.103381550396494     
  0.687500000000000      -0.201991829288329      -0.101619222905180     
  0.695312500000000      -0.204858119083259      -0.100522189219029     
  0.703125000000000      -0.208018770590499      -9.987312495329269E-002
  0.710937500000000      -0.211638979124015      -9.938935976682946E-002
  0.718750000000000      -0.215768275730166      -9.959610532501577E-002
  0.726562500000000      -0.220205419438486      -0.100196595365293     
  0.734375000000000      -0.225256531296359      -0.101214082262925     
  0.742187500000000      -0.231340143781388      -0.103038251848232     
  0.750000000000000      -0.239006046726584      -0.107153247241142     
  0.757812500000000      -0.242436406777799      -0.116295535677425     
  0.765625000000000      -0.243516631340607      -0.121571793512272     
  0.773437500000000      -0.245166703990559      -0.126145075387264     
  0.781250000000000      -0.247202807285455      -0.130837861376020     
  0.789062500000000      -0.249424142630381      -0.136244523527940     
  0.796875000000000      -0.251233408210016      -0.143475930364114     
  0.804687500000000      -0.246328669856600      -0.151357477975847     
  0.812500000000000      -0.242535836020201      -0.151705227745896     
  0.820312500000000      -0.241731045476396      -0.150508526571224     
  0.828125000000000      -0.243268278627833      -0.148490014810299     
  0.835937500000000      -0.247323372675040      -0.145601325258299     
  0.843750000000000      -0.254796222201075      -0.141089460204333     
  0.851562500000000      -0.277223444117803      -0.127973115392151     
  0.859375000000000      -0.319979101688317      -0.160390512821000     
  0.867187500000000      -0.312889066780366      -0.207485339165628     
  0.875000000000000      -0.292823182583449      -0.226823159282512     
  0.882812500000000      -0.279305854667752      -0.235289185862955     
  0.890625000000000      -0.270261048731863      -0.241715949793492     
  0.898437500000000      -0.262413290747346      -0.248161735239755     
  0.906250000000000      -0.253165788451752      -0.250917735632816     
  0.914062500000000      -0.250149036780096      -0.251954253824495     
  0.921875000000000      -0.249454889608564      -0.255001781534175     
  0.929687500000000      -0.250040243162721      -0.259837060892103     
  0.937500000000000      -0.251448220472784      -0.266550334882955     
  0.945312500000000      -0.253357753133506      -0.275429101335153     
  0.953125000000000      -0.255464426062854      -0.287072096734329     
  0.960937500000000      -0.255932291011560      -0.303804078547961     
  0.968750000000000      -0.251457309404463      -0.320826439472877     
  0.976562500000000      -0.245127917041956      -0.338458881811696     
  0.984375000000000      -0.236226227650922      -0.357456471459993     
  0.992187500000000      -0.223558025900896      -0.377998135905908     
   1.00000000000000      -0.205233253593339      -0.399766218368121     
   1.00781250000000      -0.178079132042876      -0.421315373548673     
   1.01562500000000      -0.134519547991219      -0.436912349999045     
   1.02343750000000      -9.605657068308894E-002 -0.419131614001004     
   1.03125000000000      -7.381651827088506E-002 -0.403792507217368     
   1.03906250000000      -5.673460337570754E-002 -0.389704991081763     
   1.04687500000000      -4.291497631520606E-002 -0.376212338867211     
   1.05468750000000      -3.164148535809334E-002 -0.362916457154010     
   1.06250000000000      -2.277185940562669E-002 -0.349497194766004     
   1.07031250000000      -1.677066263700819E-002 -0.335622611541037     
   1.07812500000000      -1.747510320994296E-002 -0.321522506894076     
   1.08593750000000      -1.948281333644033E-002 -0.317261052975565     
   1.09375000000000      -1.837144439672917E-002 -0.314868095825437     
   1.10156250000000      -1.550893398324045E-002 -0.313401601350851     
   1.10937500000000      -1.112204185751058E-002 -0.312393009480169     
   1.11718750000000      -5.206127632302296E-003 -0.311394364454740     
   1.12500000000000       2.315165013157788E-003 -0.309822955393722     
   1.13281250000000       1.147769251501332E-002 -0.306774257893240     
   1.14062500000000       2.228589299760431E-002 -0.300195660721471     
   1.14843750000000       2.705421261412788E-002 -0.289502089868006     
   1.15625000000000       2.976673850687204E-002 -0.281813595316395     
   1.16406250000000       3.197827887552193E-002 -0.275336340771365     
   1.17187500000000       3.394646289641372E-002 -0.269620985664770     
   1.17968750000000       3.575991027503689E-002 -0.264440197187088     
   1.18750000000000       3.743452148753343E-002 -0.259661580261840     
   1.19531250000000       3.892891868585714E-002 -0.255216321612019     
   1.20312500000000       4.009762342880525E-002 -0.251127092642676     
   1.21093750000000       4.082052540294932E-002 -0.248313121123907     
   1.21875000000000       4.290934409440757E-002 -0.246083699320310     
   1.22656250000000       4.552486588636492E-002 -0.243663276070142     
   1.23437500000000       4.850379242939049E-002 -0.241053765458264     
   1.24218750000000       5.176686084607420E-002 -0.238197192780652     
   1.25000000000000       5.524352190607357E-002 -0.235017238250754     
   1.25781250000000       5.884878735509198E-002 -0.231424742794664     
   1.26562500000000       6.246364656874014E-002 -0.227313028563975     
   1.27343750000000       6.588942109660795E-002 -0.222516655746280     
   1.28125000000000       6.799232675474227E-002 -0.216887489205525     
   1.28906250000000       6.947703647099548E-002 -0.212681222256436     
   1.29687500000000       7.136358600613703E-002 -0.208709727408882     
   1.30468750000000       7.345706420937431E-002 -0.204664251296907     
   1.31250000000000       7.564175075776047E-002 -0.200410763543498     
   1.32031250000000       7.780985883023715E-002 -0.195857440603099     
   1.32812500000000       7.983459995329427E-002 -0.190928535497962     
   1.33593750000000       8.154283729862163E-002 -0.185556632115315     
   1.34375000000000       8.265481572595813E-002 -0.179674843706196     
   1.35156250000000       8.242591995667188E-002 -0.173132734167183     
   1.35937500000000       8.017577392573418E-002 -0.169025891097103     
   1.36718750000000       7.931368035685729E-002 -0.165996825363843     
   1.37500000000000       7.906039109467000E-002 -0.163176723344624     
   1.38281250000000       7.925140643856794E-002 -0.160388970648915     
   1.39062500000000       7.981016392752859E-002 -0.157496279796088     
   1.39843750000000       8.066941103526619E-002 -0.154346033086249     
   1.40625000000000       8.171172470887014E-002 -0.150748011241768     
   1.41406250000000       8.267720054310848E-002 -0.146488252881414     
   1.42187500000000       8.302641219151086E-002 -0.141465088727267     
   1.42968750000000       8.178491376595931E-002 -0.135993234924809     
   1.43750000000000       7.960762885630474E-002 -0.132916875725713     
   1.44531250000000       7.847475050097977E-002 -0.130159090885093     
   1.45312500000000       7.767308109775978E-002 -0.127397516432030     
   1.46093750000000       7.703076712105408E-002 -0.124561422008875     
   1.46875000000000       7.644126145988032E-002 -0.121610316428727     
   1.47656250000000       7.581244216972299E-002 -0.118517936940535     
   1.48437500000000       7.504682551111706E-002 -0.115269618969196     
   1.49218750000000       7.402526485669463E-002 -0.111864926003100     
   1.50000000000000       7.257787397720271E-002 -0.108325232536480     
   1.50781250000000       7.036806642642530E-002 -0.104710101273458     
   1.51562500000000       6.664974947658164E-002 -0.102532041452122     
   1.52343750000000       6.434909272546728E-002 -0.101730985009822     
   1.53125000000000       6.272755644296628E-002 -0.100934471701513     
   1.53906250000000       6.150640348560622E-002 -0.100088171455557     
   1.54687500000000       6.056615378064172E-002 -9.916094974531345E-002
   1.55468750000000       5.983289322247819E-002 -9.812689554232942E-002
   1.56250000000000       5.924922281072603E-002 -9.696033087755879E-002
   1.57031250000000       5.876114655588494E-002 -9.563332282951612E-002
   1.57812500000000       5.830841757163813E-002 -9.411312301728619E-002
   1.58593750000000       5.781189927761646E-002 -9.235532323006121E-002
   1.59375000000000       5.713604064757223E-002 -9.026275351557100E-002
   1.60156250000000       5.547277534422686E-002 -8.802783535267247E-002
   1.60937500000000       5.369056261898696E-002 -8.669961236750857E-002
   1.61718750000000       5.204444242931736E-002 -8.566889045600788E-002
   1.62500000000000       5.048008182980064E-002 -8.485389161867879E-002
   1.63281250000000       4.898087220132449E-002 -8.423847138478086E-002
   1.64062500000000       4.754710435586643E-002 -8.382963117048484E-002
   1.64843750000000       4.619331877332518E-002 -8.364797551909017E-002
   1.65625000000000       4.495131136491946E-002 -8.372502343693626E-002
   1.66406250000000       4.387847830085881E-002 -8.410282094779381E-002
   1.67187500000000       4.307596852824485E-002 -8.483490074375676E-002
   1.67968750000000       4.273550434601620E-002 -8.599442964087328E-002
   1.68750000000000       4.363916677780776E-002 -8.779154534812345E-002
   1.69531250000000       4.567260534594265E-002 -8.770453374195381E-002
   1.70312500000000       4.716654924019430E-002 -8.704645327347292E-002
   1.71093750000000       4.845157157249345E-002 -8.611863436961777E-002
   1.71875000000000       4.960567725852017E-002 -8.499653955909825E-002
   1.72656250000000       5.066083557984535E-002 -8.371485815060882E-002
   1.73437500000000       5.163151126947085E-002 -8.229331057019096E-002
   1.74218750000000       5.252346855922915E-002 -8.074486779248501E-002
   1.75000000000000       5.333730457965764E-002 -7.907947128507392E-002
   1.75781250000000       5.407003437376341E-002 -7.730647713334231E-002
   1.76562500000000       5.471576873963086E-002 -7.543749234249475E-002
   1.77343750000000       5.526586198829984E-002 -7.349305197287667E-002
   1.78125000000000       5.571183676193960E-002 -7.155843567456659E-002
   1.78906250000000       5.631470029861711E-002 -6.952529688532283E-002
   1.79687500000000       5.682303424033508E-002 -6.728096638785172E-002
   1.80468750000000       5.722956236700477E-002 -6.489001047562129E-002
   1.81250000000000       5.752834367695701E-002 -6.236404429060380E-002
   1.82031250000000       5.771259402627234E-002 -5.970441486317841E-002
   1.82812500000000       5.777388553635594E-002 -5.690625382271232E-002
   1.83593750000000       5.770133444987177E-002 -5.395858950856199E-002
   1.84375000000000       5.748029904417549E-002 -5.084244422495771E-002
   1.85156250000000       5.708989540277311E-002 -4.752623427388693E-002
   1.85937500000000       5.649754101703645E-002 -4.395524885375319E-002
   1.86718750000000       5.564423758251337E-002 -4.002341482038917E-002
   1.87500000000000       5.438515641643377E-002 -3.546217086262987E-002
   1.88281250000000       5.093563709937066E-002 -2.970426259324395E-002
   1.89062500000000       4.610069864960822E-002 -2.673391120328879E-002
   1.89843750000000       4.172966235992073E-002 -2.467003381502830E-002
   1.90625000000000       3.754969154880513E-002 -2.313184825132305E-002
   1.91406250000000       3.347212387444169E-002 -2.201304175753612E-002
   1.92187500000000       2.945752047251770E-002 -2.127696786721008E-002
   1.92968750000000       2.549022508672723E-002 -2.091824863921200E-002
   1.93750000000000       2.157095732274446E-002 -2.095060328788981E-002
   1.94531250000000       1.771541022411590E-002 -2.140276388549058E-002
   1.95312500000000       1.395639683209920E-002 -2.231854835270241E-002
   1.96093750000000       1.035024924792307E-002 -2.376146525125266E-002
   1.96875000000000       6.992595633665740E-003 -2.582959589416285E-002
   1.97656250000000       4.068180237012869E-003 -2.871009446822268E-002
   1.98437500000000       2.373645949933383E-003 -3.324279804540013E-002
   1.99218750000000       3.745962699608999E-003 -3.555713843745148E-002
   2.00000000000000       4.291794847557738E-003 -3.669165848702786E-002
   2.00781250000000       4.556648530729694E-003 -3.740601929388211E-002
   2.01562500000000       4.651990455137877E-003 -3.786391973256947E-002
   2.02343750000000       4.625141765556470E-003 -3.813877226497995E-002
   2.03125000000000       4.499443181655099E-003 -3.827048860354729E-002
   2.03906250000000       4.286014713631200E-003 -3.828260656084655E-002
   2.04687500000000       3.988128877385534E-003 -3.818911787205257E-002
   2.05468750000000       3.602674757569403E-003 -3.799745049126886E-002
   2.06250000000000       3.119798275701686E-003 -3.770946281847282E-002
   2.07031250000000       2.520320105559474E-003 -3.732069028353389E-002
   2.07812500000000       1.768126188626236E-003 -3.681638149958499E-002
   2.08593750000000       7.836649952844772E-004 -3.615600061108313E-002
   2.09375000000000      -8.733380564892649E-004 -3.513861481157843E-002
   2.10156250000000      -3.201277051543303E-003 -3.550048796743754E-002
   2.10937500000000      -4.970471943196947E-003 -3.620321495552446E-002
   2.11718750000000      -6.501113758873764E-003 -3.704732099270753E-002
   2.12500000000000      -7.868549503760142E-003 -3.799067695533481E-002
   2.13281250000000      -9.106896835268160E-003 -3.901676003858912E-002
   2.14062500000000      -1.023418103461678E-002 -4.011889618589182E-002
   2.14843750000000      -1.126002434431342E-002 -4.129569089007793E-002
   2.15625000000000      -1.218863894457978E-002 -4.254948841090113E-002
   2.16406250000000      -1.301994682219819E-002 -4.388613114373992E-002
   2.17187500000000      -1.374957641771763E-002 -4.531568020982727E-002
   2.17968750000000      -1.436766339172612E-002 -4.685444714019703E-002
   2.18750000000000      -1.485540292040865E-002 -4.852981404138793E-002
   2.19531250000000      -1.517513755649329E-002 -5.039330168283948E-002
   2.20312500000000      -1.522977185771586E-002 -5.257254269376066E-002
   2.21093750000000      -1.406127936751585E-002 -5.516664815052540E-002
   2.21875000000000      -1.246171081941564E-002 -5.630745340483808E-002
   2.22656250000000      -1.115667626989218E-002 -5.705818764324434E-002
   2.23437500000000      -9.999340375003973E-003 -5.759638362577256E-002
   2.24218750000000      -8.940642891971903E-003 -5.798208383114636E-002
   2.25000000000000      -7.956631315858961E-003 -5.824527495155687E-002
   2.25781250000000      -7.033954486629307E-003 -5.840332999876794E-002
   2.26562500000000      -6.164902245815370E-003 -5.846698702478857E-002
   2.27343750000000      -5.345294230666429E-003 -5.844290890768975E-002
   2.28125000000000      -4.573512998155816E-003 -5.833487003304702E-002
   2.28906250000000      -3.850136625845904E-003 -5.814422239048738E-002
   2.29687500000000      -3.178034458781556E-003 -5.786980008087800E-002
   2.30468750000000      -2.563083252099717E-003 -5.750705659288993E-002
   2.31250000000000      -2.016282122036007E-003 -5.704542986417683E-002
   2.32031250000000      -1.560886907037717E-003 -5.645918775745113E-002
   2.32812500000000      -1.287966591492780E-003 -5.563313143653287E-002
   2.33593750000000      -1.609280657884435E-003 -5.510014177934940E-002
   2.34375000000000      -1.762563376497707E-003 -5.483601688420957E-002
   2.35156250000000      -1.857748122332884E-003 -5.463388592032362E-002
   2.35937500000000      -1.923783632987869E-003 -5.446126770436024E-002
   2.36718750000000      -1.974782714883582E-003 -5.430435450705766E-002
   2.37500000000000      -2.019454995022938E-003 -5.415597647999049E-002
   2.38281250000000      -2.064019479351171E-003 -5.401209593731685E-002
   2.39062500000000      -2.113459130446059E-003 -5.387042395465984E-002
   2.39843750000000      -2.172201725349092E-003 -5.372978886372083E-002
   2.40625000000000      -2.244590418414655E-003 -5.358983911817621E-002
   2.41406250000000      -2.335321837028128E-003 -5.345093453255939E-002
   2.42187500000000      -2.450008389335809E-003 -5.331419061903468E-002
   2.42968750000000      -2.596134353130998E-003 -5.318173060082007E-002
   2.43750000000000      -2.785137864915179E-003 -5.305739284344277E-002
   2.44531250000000      -3.038533522663270E-003 -5.294896122415841E-002
   2.45312500000000      -3.422374598728959E-003 -5.288092057544409E-002
   2.46093750000000      -3.844272537505748E-003 -5.319969282073510E-002
   2.46875000000000      -3.982242810142782E-003 -5.352343256369251E-002
   2.47656250000000      -4.038516916086399E-003 -5.380730115863594E-002
   2.48437500000000      -4.046421737699972E-003 -5.406482145421658E-002
   2.49218750000000      -4.020364696234032E-003 -5.430260788936503E-002
   2.50000000000000      -3.968313791746903E-003 -5.452498339716925E-002
   2.53125000000000      -3.571618448655359E-003 -5.532199276461473E-002
   2.56250000000000      -2.858739443719126E-003 -5.610786839409633E-002
   2.59375000000000      -1.226635355833725E-003 -5.650118971763311E-002
   2.62500000000000      -2.553649495703476E-004 -5.589506886022792E-002
   2.65625000000000       3.220927588374030E-004 -5.544070360013816E-002
   2.68750000000000       5.789141434704956E-004 -5.542142812802953E-002
   2.71875000000000       2.264893929156838E-003 -5.785369550940615E-002
   2.75000000000000       5.552794897860766E-003 -5.292802120336099E-002
   2.78125000000000       4.516784351475796E-003 -5.105311904126137E-002
   2.81250000000000       3.747799573347021E-003 -5.021681922775074E-002
   2.84375000000000       3.206496960692323E-003 -4.990497537240055E-002
   2.87500000000000       3.120463000479350E-003 -5.036497131066336E-002
   2.90625000000000       4.320631521577755E-003 -4.996909921192806E-002
   2.93750000000000       5.172874578216466E-003 -4.889931973084680E-002
   2.96875000000000       5.711196300459642E-003 -4.742521046871784E-002
   3.00000000000000       5.791544203671814E-003 -4.556060222521108E-002
   3.03125000000000       4.517195639826988E-003 -4.324481205034573E-002
   3.06250000000000       2.736261355920138E-003 -4.299872498008531E-002
   3.09375000000000       1.664159479665498E-003 -4.305226773997216E-002
   3.12500000000000       8.728080686631778E-004 -4.319793683694042E-002
   3.15625000000000       2.195188193581202E-004 -4.340964742946189E-002
   3.18750000000000      -4.005313485030269E-004 -4.375584617565983E-002
   3.21875000000000      -7.394162683419274E-004 -4.434096188833991E-002
   3.25000000000000      -8.886540881851285E-004 -4.491837220331414E-002
   3.28125000000000      -8.845144134887830E-004 -4.555118422531360E-002
   3.31250000000000      -6.970809266005341E-004 -4.628226891074042E-002
   3.34375000000000      -2.035873765171124E-004 -4.720759195590293E-002
   3.37500000000000       1.384129511859341E-003 -4.786825550248246E-002
   3.40625000000000       2.686512550240403E-003 -4.748682095794889E-002
   3.43750000000000       3.686020830578023E-003 -4.686615208333322E-002
   3.46875000000000       4.459552245935396E-003 -4.607815790955653E-002
   3.50000000000000       4.996881080935681E-003 -4.514697695461619E-002
   3.53125000000000       5.173320948943235E-003 -4.405908144217256E-002
   3.56250000000000       4.835317156655866E-003 -4.351029710594578E-002
   3.59375000000000       4.808687158180665E-003 -4.318086811684047E-002
   3.62500000000000       4.863604321021828E-003 -4.286505666693458E-002
   3.65625000000000       4.948585167969311E-003 -4.255250214568103E-002
   3.68750000000000       5.038351781124733E-003 -4.224912292380358E-002
   3.71875000000000       5.112457906873881E-003 -4.199346964418643E-002
   3.75000000000000       5.352808641629785E-003 -4.180025468815569E-002
   3.78125000000000       5.631905220748528E-003 -4.146306652463899E-002
   3.81250000000000       5.888537120453161E-003 -4.104034404806019E-002
   3.84375000000000       6.097960305944225E-003 -4.054161207818989E-002
   3.87500000000000       6.227666504380537E-003 -3.996707391244012E-002
   3.90625000000000       6.205800595980463E-003 -3.930138245409008E-002
   3.93750000000000       5.770373847041939E-003 -3.884028328294639E-002
   3.96875000000000       5.546191681208094E-003 -3.871278048663940E-002
   4.00000000000000       5.441850456742578E-003 -3.862247646581637E-002
   4.03125000000000       5.412148624464208E-003 -3.855241557003755E-002
   4.06250000000000       5.444525908490337E-003 -3.849914943771420E-002
   4.09375000000000       5.544637813766661E-003 -3.846634344504144E-002
   4.12500000000000       5.791319921389580E-003 -3.848008435826338E-002
   4.15625000000000       6.140399735353404E-003 -3.820514626253811E-002
   4.18750000000000       6.374142475378094E-003 -3.787886298580183E-002
   4.21875000000000       6.557569140847947E-003 -3.752545733313996E-002
   4.25000000000000       6.699264095620562E-003 -3.715042043443438E-002
   4.28125000000000       6.798068168473983E-003 -3.675625224564466E-002
   4.31250000000000       6.844607423169608E-003 -3.634360249933129E-002
   4.34375000000000       6.780853322643593E-003 -3.591677553423542E-002
   4.37500000000000       6.691005969241325E-003 -3.563894257831086E-002
   4.40625000000000       6.638118532852099E-003 -3.536611435305456E-002
   4.43750000000000       6.583595219203354E-003 -3.508930976915364E-002
   4.46875000000000       6.511579628889429E-003 -3.480617170758311E-002
   4.50000000000000       6.406366063410634E-003 -3.451480479896851E-002
   4.53125000000000       6.242385873421293E-003 -3.421157923072234E-002
   4.56250000000000       5.939034474231250E-003 -3.388136963546337E-002
   4.59375000000000       5.419115808399657E-003 -3.392672505843513E-002
   4.62500000000000       5.169475551320843E-003 -3.412319969838926E-002
   4.65625000000000       5.034166771348637E-003 -3.434715260696261E-002
   4.68750000000000       4.983661295585847E-003 -3.459414669589263E-002
   4.71875000000000       5.010699276229838E-003 -3.486542018850074E-002
   4.75000000000000       5.121402409985796E-003 -3.516666570329313E-002
   4.78125000000000       5.344664033675338E-003 -3.551287427987736E-002
   4.81250000000000       5.897714039484281E-003 -3.588548223120925E-002
   4.84375000000000       6.479179982959860E-003 -3.580076219741989E-002
   4.87500000000000       6.923201638065666E-003 -3.564901904189654E-002
   4.90625000000000       7.303128130796789E-003 -3.546413300273142E-002
   4.93750000000000       7.639110897692431E-003 -3.525729191610445E-002
   4.96875000000000       7.939822240911576E-003 -3.503503523754167E-002
   5.00000000000000       8.208965901477402E-003 -3.480263271394867E-002
   5.03125000000000       8.446203843085356E-003 -3.456625937438020E-002
   5.06250000000000       8.641223041323870E-003 -3.435423864836151E-002
   5.09375000000000       8.875707804084488E-003 -3.417057514599414E-002
   5.12500000000000       9.118318402625437E-003 -3.396316886000093E-002
   5.15625000000000       9.358119763935628E-003 -3.373917109212220E-002
   5.18750000000000       9.592230896677758E-003 -3.350165948881247E-002
   5.21875000000000       9.819851642699620E-003 -3.325276276356002E-002
   5.25000000000000       1.004162357387020E-002 -3.299424550127857E-002
   5.28125000000000       1.026054012449219E-002 -3.272774685677018E-002
   5.31250000000000       1.048899929063813E-002 -3.245482541608821E-002
   5.34375000000000       1.073003193155509E-002 -3.211100675666179E-002
   5.37500000000000       1.090837180286431E-002 -3.174478951948242E-002
   5.40625000000000       1.105374662996226E-002 -3.137338702435290E-002
   5.43750000000000       1.117006618293038E-002 -3.099661952813374E-002
   5.46875000000000       1.125717249279602E-002 -3.061439529879307E-002
   5.50000000000000       1.131248378076386E-002 -3.022646945778789E-002
   5.53125000000000       1.133025530830018E-002 -2.983216274005590E-002
   5.56250000000000       1.129753390293749E-002 -2.942949838546119E-002
   5.59375000000000       1.116093037260853E-002 -2.900788541988482E-002
   5.62500000000000       1.093253250556336E-002 -2.881352900698112E-002
   5.65625000000000       1.081783900373119E-002 -2.865805393334091E-002
   5.68750000000000       1.073648682362517E-002 -2.850995721222059E-002
   5.71875000000000       1.067166975253354E-002 -2.836699102240731E-002
   5.75000000000000       1.061476581469496E-002 -2.822882960494874E-002
   5.78125000000000       1.055963694132721E-002 -2.809600662433562E-002
   5.81250000000000       1.050034393526331E-002 -2.796978091953228E-002
   5.84375000000000       1.042850933537739E-002 -2.785252409319040E-002
   5.87500000000000       1.032272874734459E-002 -2.774999563204360E-002
   5.90625000000000       1.017970296062888E-002 -2.778259884305219E-002
   5.93750000000000       1.016047541299195E-002 -2.785620719790221E-002
   5.96875000000000       1.019325066538982E-002 -2.792524600471872E-002
   6.00000000000000       1.026529721638275E-002 -2.799271354790708E-002
   6.03125000000000       1.037337450856323E-002 -2.806030529794460E-002
   6.06250000000000       1.051857104100494E-002 -2.812949130259603E-002
   6.09375000000000       1.070601495652130E-002 -2.820197264863886E-002
   6.12500000000000       1.094720635701120E-002 -2.828025462884204E-002
   6.15625000000000       1.126910082924972E-002 -2.836920536892504E-002
   6.18750000000000       1.178489517780639E-002 -2.848746548659116E-002
   6.21875000000000       1.245517451166164E-002 -2.811716220487741E-002
   6.25000000000000       1.285008790589608E-002 -2.766304979271119E-002
   6.28125000000000       1.313587637885946E-002 -2.718901528937930E-002
   6.31250000000000       1.334150447101711E-002 -2.670083411110560E-002
   6.34375000000000       1.347747328224746E-002 -2.620124690590318E-002
   6.37500000000000       1.354639444779996E-002 -2.569177177394278E-002
   6.40625000000000       1.354509260097010E-002 -2.517315550982195E-002
   6.43750000000000       1.346322777618649E-002 -2.464534220043219E-002
   6.46875000000000       1.327595406040250E-002 -2.410676677015165E-002
   6.50000000000000       1.290162735941350E-002 -2.354973347713035E-002
   6.53125000000000       1.221513194230572E-002 -2.340794572068879E-002
   6.56250000000000       1.185310168500737E-002 -2.348494157559896E-002
   6.59375000000000       1.161066503425267E-002 -2.357465027729348E-002
   6.62500000000000       1.144030577834822E-002 -2.367210354154469E-002
   6.65625000000000       1.132286364307602E-002 -2.377560629750759E-002
   6.68750000000000       1.124870478489977E-002 -2.388457662517724E-002
   6.71875000000000       1.121297119360234E-002 -2.399904251755182E-002
   6.75000000000000       1.121413892790178E-002 -2.411954837112456E-002
   6.78125000000000       1.125426369449956E-002 -2.424733394232528E-002
   6.81250000000000       1.134221431344887E-002 -2.438514986110578E-002
   6.84375000000000       1.152492042378624E-002 -2.454422798088481E-002
   6.87500000000000       1.177863916627870E-002 -2.451878586744056E-002
   6.90625000000000       1.195493937394714E-002 -2.446912771491604E-002
   6.93750000000000       1.210988312996455E-002 -2.441296311082231E-002
   6.96875000000000       1.225416906904887E-002 -2.435315075069767E-002
   7.00000000000000       1.239274510067793E-002 -2.429118106401757E-002
   7.03125000000000       1.252860071094678E-002 -2.422806797634516E-002
   7.06250000000000       1.266395217259761E-002 -2.416464570752843E-002
   7.09375000000000       1.280083405304579E-002 -2.410173341823058E-002
   7.12500000000000       1.294163791472926E-002 -2.404030636647057E-002
   7.15625000000000       1.309017258200901E-002 -2.398185463637256E-002
   7.18750000000000       1.325669076698658E-002 -2.393006242608881E-002
   7.21875000000000       1.346841247440882E-002 -2.383841435006517E-002
   7.25000000000000       1.364743522240432E-002 -2.371223668619817E-002
   7.28125000000000       1.381216474914872E-002 -2.358052834819425E-002
   7.31250000000000       1.396814518780926E-002 -2.344518883317520E-002
   7.34375000000000       1.411784129071869E-002 -2.330707055188037E-002
   7.37500000000000       1.426274857735189E-002 -2.316667521822532E-002
   7.40625000000000       1.440396724497539E-002 -2.302433767929486E-002
   7.43750000000000       1.454246199769321E-002 -2.288029518706803E-002
   7.46875000000000       1.467926056734689E-002 -2.273471488624180E-002
   7.50000000000000       1.481574232982095E-002 -2.258769423936078E-002
   7.53125000000000       1.495440705140811E-002 -2.243920974922146E-002
   7.56250000000000       1.510379498669494E-002 -2.228866336917808E-002
   7.59375000000000       1.525608874665471E-002 -2.209698656477577E-002
   7.62500000000000       1.537899561551394E-002 -2.190124794525412E-002
   7.65625000000000       1.548890319319480E-002 -2.170568677597791E-002
   7.68750000000000       1.558847689756231E-002 -2.151003917060736E-002
   7.71875000000000       1.567863496445459E-002 -2.131419624799854E-002
   7.75000000000000       1.575955119680665E-002 -2.111809408071250E-002
   7.78125000000000       1.583087915399679E-002 -2.092167964591587E-002
   7.81250000000000       1.589173868701074E-002 -2.072489160063078E-002
   7.84375000000000       1.594051640282619E-002 -2.052763975122898E-002
   7.87500000000000       1.597433250129313E-002 -2.032976813069904E-002
   7.90625000000000       1.598752653429326E-002 -2.013095838538812E-002
   7.93750000000000       1.596520945419282E-002 -1.993031729741623E-002
   7.96875000000000       1.585097771712857E-002 -1.979712441196609E-002
   8.00000000000000       1.581474722855258E-002 -1.976050351320055E-002
   8.03125000000000       1.582025132642841E-002 -1.972678309327577E-002
   8.06250000000000       1.585010873022831E-002 -1.969485537960768E-002
   8.09375000000000       1.589815236260615E-002 -1.966435355238030E-002
   8.12500000000000       1.596136616699997E-002 -1.963512102443898E-002
   8.15625000000000       1.603814330487206E-002 -1.960709930845763E-002
   8.18750000000000       1.612769057012383E-002 -1.958029217876832E-002
   8.21875000000000       1.622980409287878E-002 -1.955475603186857E-002
   8.25000000000000       1.634483280718596E-002 -1.953060653942805E-002
   8.28125000000000       1.647382919506622E-002 -1.950804731887969E-002
   8.31250000000000       1.661911547069182E-002 -1.948745554385589E-002
   8.34375000000000       1.678673841348233E-002 -1.946973358390611E-002
   8.37500000000000       1.700364247067012E-002 -1.943130845386507E-002
   8.40625000000000       1.720244794934699E-002 -1.934812371444301E-002
   8.43750000000000       1.739291111676974E-002 -1.926303768031435E-002
   8.46875000000000       1.758331893150963E-002 -1.917719068257105E-002
   8.50000000000000       1.777714878675964E-002 -1.909103458880640E-002
   8.53125000000000       1.797676941892348E-002 -1.900484834997908E-002
   8.56250000000000       1.818427078798793E-002 -1.891885073467119E-002
   8.59375000000000       1.840183794788075E-002 -1.883324615026402E-002
   8.62500000000000       1.863204602086915E-002 -1.874825440686586E-002
   8.65625000000000       1.887823388535256E-002 -1.866414206192417E-002
   8.68750000000000       1.914515210792634E-002 -1.858127165500981E-002
   8.71875000000000       1.944038018329792E-002 -1.850020551252258E-002
   8.75000000000000       1.977842072906517E-002 -1.842200246856896E-002
   8.78125000000000       2.020204579318578E-002 -1.834976225778161E-002
   8.81250000000000       2.077362406100723E-002 -1.806526009266967E-002
   8.84375000000000       2.117182510846241E-002 -1.766985930410035E-002
   8.87500000000000       2.150382629618693E-002 -1.726860718143456E-002
   8.90625000000000       2.179489580074003E-002 -1.686355683892123E-002
   8.93750000000000       2.205589047934578E-002 -1.645565531936671E-002
   8.96875000000000       2.229305669818052E-002 -1.604548570509707E-002
   9.00000000000000       2.251060571640864E-002 -1.563346626780325E-002
   9.03125000000000       2.271173608101731E-002 -1.521993101308776E-002
   9.06250000000000       2.289916519383622E-002 -1.480517219429884E-002
   9.09375000000000       2.307550029254169E-002 -1.438947018150258E-002
   9.12500000000000       2.324362057320026E-002 -1.397312407590031E-002
   9.15625000000000       2.340728043622044E-002 -1.355649963139826E-002
   9.18750000000000       2.357251509102551E-002 -1.314014062415755E-002
   9.21875000000000       2.375288279086706E-002 -1.272518597883082E-002
   9.25000000000000       2.401239818846714E-002 -1.226486203523788E-002
   9.28125000000000       2.419234013856267E-002 -1.168265442302607E-002
   9.31250000000000       2.430757877199836E-002 -1.109495156110166E-002
   9.34375000000000       2.437942983565812E-002 -1.050389107350267E-002
   9.37500000000000       2.441466093014859E-002 -9.910347246675279E-003
   9.40625000000000       2.441630879343576E-002 -9.314866134328298E-003
   9.43750000000000       2.438572119044819E-002 -8.717853045774108E-003
   9.46875000000000       2.432320621334202E-002 -8.119639300314410E-003
   9.50000000000000       2.422824620338338E-002 -7.520512816532309E-003
   9.53125000000000       2.409949674218003E-002 -6.920734397937110E-003
   9.56250000000000       2.393460094251310E-002 -6.320547108538146E-003
   9.59375000000000       2.372972987548342E-002 -5.720181232881940E-003
   9.62500000000000       2.347853579188608E-002 -5.119854103666783E-003
   9.65625000000000       2.316942407605416E-002 -4.519756730958757E-003
   9.68750000000000       2.277556010983801E-002 -3.919974698926540E-003
   9.71875000000000       2.215713465795480E-002 -3.398251939919561E-003
   9.75000000000000       2.165304816091472E-002 -3.182087597952671E-003
   9.78125000000000       2.125542300257741E-002 -2.967958864852250E-003
   9.81250000000000       2.090369154691178E-002 -2.754963247675958E-003
   9.84375000000000       2.057909421218347E-002 -2.542808377392340E-003
   9.87500000000000       2.027203472186639E-002 -2.331346617739958E-003
   9.90625000000000       1.997651681954573E-002 -2.120491755208486E-003
   9.93750000000000       1.968828712660457E-002 -1.910190491224256E-003
   9.96875000000000       1.940400860815218E-002 -1.700409899000325E-003
   10.0000000000000       1.912080589450984E-002 -1.491131136821670E-003
   10.0312500000000       1.883595049935524E-002 -1.282346147277545E-003
   10.0625000000000       1.854656687696395E-002 -1.074056075977377E-003
   10.0937500000000       1.824924468428586E-002 -8.662709725302583E-004
   10.1250000000000       1.793933239972807E-002 -6.590108969299184E-004
   10.1562500000000       1.760918607499195E-002 -4.523094477499623E-004
   10.1875000000000       1.724138785314649E-002 -2.462238600320866E-004
   10.2187500000000       1.676417324099455E-002 -1.114118112655435E-004
   10.2500000000000       1.638253848690973E-002 -1.095927218083865E-004
   10.2812500000000       1.605820589721109E-002 -1.077905270650643E-004
   10.3125000000000       1.576536153388223E-002 -1.059966684127993E-004
   10.3437500000000       1.549484298184269E-002 -1.042082494147479E-004
   10.3750000000000       1.524176857947956E-002 -1.024238393269317E-004
   10.4062500000000       1.500305897343799E-002 -1.006426280414746E-004
   10.4375000000000       1.477657439248307E-002 -9.886413253467638E-005
   10.4687500000000       1.456073089616085E-002 -9.708806799861048E-005
   10.5000000000000       1.435430232883783E-002 -9.531428361844232E-005
   10.5312500000000       1.415630707031003E-002 -9.354272877963529E-005
   10.5625000000000       1.396593800732772E-002 -9.177343618657237E-005
   10.5937500000000       1.378251616859864E-002 -9.000651675008083E-005
   10.6250000000000       1.360545748212989E-002 -8.824216630609283E-005
   10.6562500000000       1.343424517250087E-002 -8.648069194452894E-005
   10.6875000000000       1.326839640255876E-002 -8.472259304104510E-005
   10.7187500000000       1.310735792185626E-002 -8.296895912796741E-005
   10.7500000000000       1.295060693242827E-002 -8.218728378553423E-005
   10.7812500000000       1.279922237948637E-002 -8.183096047076466E-005
   10.8125000000000       1.265244637043984E-002 -8.147728527414974E-005
   10.8437500000000       1.250994155451575E-002 -8.112727276918233E-005
   10.8750000000000       1.237145971331788E-002 -8.078179421887702E-005
   10.9062500000000       1.223679665018282E-002 -8.044179717916766E-005
   10.9375000000000       1.210577996187270E-002 -8.010841309454273E-005
   10.9687500000000       1.197826484673608E-002 -7.978306509784613E-005
   11.0000000000000       1.185413369906440E-002 -7.946761448001486E-005
   11.0312500000000       1.173329894220199E-002 -7.916458719974467E-005
   11.0625000000000       1.161571026569455E-002 -7.887755300545441E-005
   11.0937500000000       1.150136963299986E-002 -7.861180844351386E-005
   11.1250000000000       1.139036244594610E-002 -7.837571811377685E-005
   11.1562500000000       1.128292756518370E-002 -7.818366353515367E-005
   11.1875000000000       1.117963930963045E-002 -7.806365725051442E-005
   11.2187500000000       1.108201367654447E-002 -7.808272468250120E-005
   11.2500000000000       1.099584810670182E-002 -7.848759950155584E-005
   11.2812500000000       1.092638868371501E-002 -3.359288718230618E-008
   11.3125000000000       1.078021616684923E-002 -3.332196996990919E-008
   11.3437500000000       1.066522213002775E-002 -3.300034596815890E-008
   11.3750000000000       1.055791458533860E-002 -3.267403036531064E-008
   11.4062500000000       1.045502698012692E-002 -3.234943709753263E-008
   11.4375000000000       1.035539057322557E-002 -3.202868671659236E-008
   11.4687500000000       1.025843039588725E-002 -3.171266491534895E-008
   11.5000000000000       1.016380747722054E-002 -3.140176663169608E-008
   11.5312500000000       1.007129645190090E-002 -3.109615463995523E-008
   11.5625000000000       9.980734085679534E-003 -3.079587013062035E-008
   11.5937500000000       9.891994439791964E-003 -3.050088605712983E-008
   11.6250000000000       9.804975636119345E-003 -3.021113534154866E-008
   11.6562500000000       9.719592247508879E-003 -2.992652743720675E-008
   11.6875000000000       9.635770642125467E-003 -2.964695768057962E-008
   11.7187500000000       9.553445998872498E-003 -2.937231334535135E-008
   11.7500000000000       9.472560301488134E-003 -2.910247798132393E-008
   11.7812500000000       9.393060948191589E-003 -2.883733328808125E-008
   11.8125000000000       9.314899752186710E-003 -2.857676128737786E-008
   11.8437500000000       9.238032205200010E-003 -2.832064512441859E-008
   11.8750000000000       9.162416920712069E-003 -2.806887019292164E-008
   11.9062500000000       9.088015203012991E-003 -2.782132407901105E-008
   11.9375000000000       9.014790706392927E-003 -2.757789750895852E-008
   11.9687500000000       8.942709163182688E-003 -2.733848395404591E-008
   12.0000000000000       8.871738159185688E-003 -2.710298000931771E-008
   13.0000000000000       8.189296762325250E-003  0.000000000000000E+000
   14.0000000000000       7.604346993587732E-003  0.000000000000000E+000
   15.0000000000000       7.097390527348550E-003  0.000000000000000E+000
   16.0000000000000       6.653803619389265E-003  0.000000000000000E+000
   17.0000000000000       6.262403406484015E-003  0.000000000000000E+000
   18.0000000000000       5.914492106123792E-003  0.000000000000000E+000
   19.0000000000000       5.603203047906750E-003  0.000000000000000E+000
   20.0000000000000       5.323042895511412E-003  0.000000000000000E+000
   21.0000000000000       5.069564662391821E-003  0.000000000000000E+000
   22.0000000000000       4.839129905010375E-003  0.000000000000000E+000
   23.0000000000000       4.628732952618619E-003  0.000000000000000E+000
   24.0000000000000       4.435869079592844E-003  0.000000000000000E+000
   25.0000000000000       4.258434316409130E-003  0.000000000000000E+000
   26.0000000000000       4.094648381162625E-003  0.000000000000000E+000
   27.0000000000000       3.942994737415861E-003  0.000000000000000E+000
   28.0000000000000       3.802173496793866E-003  0.000000000000000E+000
   29.0000000000000       3.671064065869940E-003  0.000000000000000E+000
   30.0000000000000       3.548695263674275E-003  0.000000000000000E+000
   31.0000000000000       3.434221222910589E-003  0.000000000000000E+000
   32.0000000000000       3.326901809694633E-003  0.000000000000000E+000
   33.0000000000000       3.226086603340250E-003  0.000000000000000E+000
   34.0000000000000       3.131201703242007E-003  0.000000000000000E+000
   35.0000000000000       3.041738797435093E-003  0.000000000000000E+000
   36.0000000000000       2.957246053061896E-003  0.000000000000000E+000
   37.0000000000000       2.877320484060223E-003  0.000000000000000E+000
   38.0000000000000       2.801601523953375E-003  0.000000000000000E+000
   39.0000000000000       2.729765587441750E-003  0.000000000000000E+000
   40.0000000000000       2.661521447755706E-003  0.000000000000000E+000
   41.0000000000000       2.596606290493372E-003  0.000000000000000E+000
   42.0000000000000       2.534782331195911E-003  0.000000000000000E+000
   43.0000000000000       2.475833904889029E-003  0.000000000000000E+000
   44.0000000000000       2.419564952505187E-003  0.000000000000000E+000
   45.0000000000000       2.365796842449517E-003  0.000000000000000E+000
   46.0000000000000       2.314366476309310E-003  0.000000000000000E+000
   47.0000000000000       2.265124636387835E-003  0.000000000000000E+000
   48.0000000000000       2.217934539796422E-003  0.000000000000000E+000
   49.0000000000000       2.172670569596495E-003  0.000000000000000E+000
   50.0000000000000       2.129217158204565E-003  0.000000000000000E+000
   51.0000000000000       2.087467802161338E-003  0.000000000000000E+000
   52.0000000000000       2.047324190581313E-003  0.000000000000000E+000
   53.0000000000000       2.008695432268458E-003  0.000000000000000E+000
   54.0000000000000       1.971497368707931E-003  0.000000000000000E+000
   55.0000000000000       1.935651962004150E-003  0.000000000000000E+000
   56.0000000000000       1.901086748396933E-003  0.000000000000000E+000
   57.0000000000000       1.867734349302250E-003  0.000000000000000E+000
   58.0000000000000       1.835532032934970E-003  0.000000000000000E+000
   59.0000000000000       1.804421320512343E-003  0.000000000000000E+000
   60.0000000000000       1.774347631837137E-003  0.000000000000000E+000
   61.0000000000000       1.745259965741447E-003  0.000000000000000E+000
   62.0000000000000       1.717110611455294E-003  0.000000000000000E+000
   63.0000000000000       1.689854887463940E-003  0.000000000000000E+000
   64.0000000000000       1.663450904847316E-003  0.000000000000000E+000
   65.0000000000000       1.637859352465050E-003  0.000000000000000E+000
   66.0000000000000       1.613043301670125E-003  0.000000000000000E+000
   67.0000000000000       1.588968028510869E-003  0.000000000000000E+000
   68.0000000000000       1.565600851621004E-003  0.000000000000000E+000
   69.0000000000000       1.542910984206207E-003  0.000000000000000E+000
   70.0000000000000       1.520869398717546E-003  0.000000000000000E+000
   71.0000000000000       1.499448702960961E-003  0.000000000000000E+000
   72.0000000000000       1.478623026530948E-003  0.000000000000000E+000
   73.0000000000000       1.458367916578469E-003  0.000000000000000E+000
   74.0000000000000       1.438660242030111E-003  0.000000000000000E+000
   75.0000000000000       1.419478105469710E-003  0.000000000000000E+000
   76.0000000000000       1.400800761976687E-003  0.000000000000000E+000
   77.0000000000000       1.382608544288679E-003  0.000000000000000E+000
   78.0000000000000       1.364882793720875E-003  0.000000000000000E+000
   79.0000000000000       1.347605796332003E-003  0.000000000000000E+000
   80.0000000000000       1.330760723877853E-003  0.000000000000000E+000
   81.0000000000000       1.314331579138620E-003  0.000000000000000E+000
   82.0000000000000       1.298303145246686E-003  0.000000000000000E+000
   83.0000000000000       1.282660938677449E-003  0.000000000000000E+000
   84.0000000000000       1.267391165597955E-003  0.000000000000000E+000
   85.0000000000000       1.252480681296803E-003  0.000000000000000E+000
   86.0000000000000       1.237916952444514E-003  0.000000000000000E+000
   87.0000000000000       1.223688021956646E-003  0.000000000000000E+000
   88.0000000000000       1.209782476252594E-003  0.000000000000000E+000
   89.0000000000000       1.196189414721666E-003  0.000000000000000E+000
   90.0000000000000       1.182898421224758E-003  0.000000000000000E+000
   91.0000000000000       1.169899537475036E-003  0.000000000000000E+000
   92.0000000000000       1.157183238154655E-003  0.000000000000000E+000
   93.0000000000000       1.144740407636863E-003  0.000000000000000E+000
   94.0000000000000       1.132562318193918E-003  0.000000000000000E+000
   95.0000000000000       1.120640609581350E-003  0.000000000000000E+000
   96.0000000000000       1.108967269898211E-003  0.000000000000000E+000
   97.0000000000000       1.097534617631219E-003  0.000000000000000E+000
   98.0000000000000       1.086335284798247E-003  0.000000000000000E+000
   99.0000000000000       1.075362201113417E-003  0.000000000000000E+000
   100.000000000000       1.064608579102282E-003  0.000000000000000E+000
   101.000000000000       1.054067900101270E-003  0.000000000000000E+000
   102.000000000000       1.043733901080669E-003  0.000000000000000E+000
   103.000000000000       1.033600562235226E-003  0.000000000000000E+000
   104.000000000000       1.023662095290656E-003  0.000000000000000E+000
   105.000000000000       1.013912932478364E-003  0.000000000000000E+000
   106.000000000000       1.004347716134229E-003  0.000000000000000E+000
   107.000000000000       9.949612888806379E-004  0.000000000000000E+000
   108.000000000000       9.857486843539653E-004  0.000000000000000E+000
   109.000000000000       9.767051184424609E-004  0.000000000000000E+000
   110.000000000000       9.678259810020750E-004  0.000000000000000E+000
   111.000000000000       9.591068280200743E-004  0.000000000000000E+000
   112.000000000000       9.505433741984665E-004  0.000000000000000E+000
   113.000000000000       9.421314859312235E-004  0.000000000000000E+000
   114.000000000000       9.338671746511250E-004  0.000000000000000E+000
   115.000000000000       9.257465905237239E-004  0.000000000000000E+000
   116.000000000000       9.177660164674849E-004  0.000000000000000E+000
   117.000000000000       9.099218624805833E-004  0.000000000000000E+000
   118.000000000000       9.022106602561715E-004  0.000000000000000E+000
   119.000000000000       8.946290580691450E-004  0.000000000000000E+000
   120.000000000000       8.871738159185687E-004  0.000000000000000E+000
   121.000000000000       8.798418009109772E-004  0.000000000000000E+000
   122.000000000000       8.726299828707234E-004  0.000000000000000E+000
   123.000000000000       8.655354301644573E-004  0.000000000000000E+000
   124.000000000000       8.585553057276472E-004  0.000000000000000E+000
   125.000000000000       8.516868632818260E-004  0.000000000000000E+000
   126.000000000000       8.449274437319702E-004  0.000000000000000E+000
   127.000000000000       8.382744717340807E-004  0.000000000000000E+000
   128.000000000000       8.317254524236582E-004  0.000000000000000E+000
   129.000000000000       8.252779682963430E-004  0.000000000000000E+000
   130.000000000000       8.189296762325250E-004  0.000000000000000E+000
   131.000000000000       8.126783046582309E-004  0.000000000000000E+000
   132.000000000000       8.065216508350624E-004  0.000000000000000E+000
   133.000000000000       8.004575782723928E-004  0.000000000000000E+000
   134.000000000000       7.944840142554346E-004  0.000000000000000E+000
   135.000000000000       7.885989474831722E-004  0.000000000000000E+000
   136.000000000000       7.828004258105018E-004  0.000000000000000E+000
   137.000000000000       7.770865540892573E-004  0.000000000000000E+000
   138.000000000000       7.714554921031033E-004  0.000000000000000E+000
   139.000000000000       7.659054525915701E-004  0.000000000000000E+000
   140.000000000000       7.604346993587732E-004  0.000000000000000E+000
   141.000000000000       7.550415454626116E-004  0.000000000000000E+000
   142.000000000000       7.497243514804806E-004  0.000000000000000E+000
   143.000000000000       7.444815238477500E-004  0.000000000000000E+000
   144.000000000000       7.393115132654739E-004  0.000000000000000E+000
   145.000000000000       7.342128131739879E-004  0.000000000000000E+000
   146.000000000000       7.291839582892345E-004  0.000000000000000E+000
   147.000000000000       7.242235231988316E-004  0.000000000000000E+000
   148.000000000000       7.193301210150557E-004  0.000000000000000E+000
   149.000000000000       7.145024020820688E-004  0.000000000000000E+000
   150.000000000000       7.097390527348549E-004  0.000000000000000E+000
   151.000000000000       7.050387941074718E-004  0.000000000000000E+000
   152.000000000000       7.004003809883437E-004  0.000000000000000E+000
   153.000000000000       6.958226007204461E-004  0.000000000000000E+000
   154.000000000000       6.913042721443393E-004  0.000000000000000E+000
   155.000000000000       6.868442445821177E-004  0.000000000000000E+000
   156.000000000000       6.824413968604375E-004  0.000000000000000E+000
   157.000000000000       6.780946363708805E-004  0.000000000000000E+000
   158.000000000000       6.738028981660016E-004  0.000000000000000E+000
   159.000000000000       6.695651440894858E-004  0.000000000000000E+000
   160.000000000000       6.653803619389266E-004  0.000000000000000E+000
   161.000000000000       6.612475646598028E-004  0.000000000000000E+000
   162.000000000000       6.571657895693101E-004  0.000000000000000E+000
   163.000000000000       6.531340976087622E-004  0.000000000000000E+000
   164.000000000000       6.491515726233430E-004  0.000000000000000E+000
   165.000000000000       6.452173206680500E-004  0.000000000000000E+000
   166.000000000000       6.413304693387244E-004  0.000000000000000E+000
   167.000000000000       6.374901671271152E-004  0.000000000000000E+000
   168.000000000000       6.336955827989777E-004  0.000000000000000E+000
   169.000000000000       6.299459047942500E-004  0.000000000000000E+000
   170.000000000000       6.262403406484014E-004  0.000000000000000E+000
   171.000000000000       6.225781164340833E-004  0.000000000000000E+000
   172.000000000000       6.189584762222572E-004  0.000000000000000E+000
   173.000000000000       6.153806815620130E-004  0.000000000000000E+000
   174.000000000000       6.118440109783232E-004  0.000000000000000E+000
   175.000000000000       6.083477594870186E-004  0.000000000000000E+000
   176.000000000000       6.048912381262969E-004  0.000000000000000E+000
   177.000000000000       6.014737735041144E-004  0.000000000000000E+000
   178.000000000000       5.980947073608329E-004  0.000000000000000E+000
   179.000000000000       5.947533961465266E-004  0.000000000000000E+000
   180.000000000000       5.914492106123792E-004  0.000000000000000E+000
   181.000000000000       5.881815354156257E-004  0.000000000000000E+000
   182.000000000000       5.849497687375178E-004  0.000000000000000E+000
   183.000000000000       5.817533219138155E-004  0.000000000000000E+000
   184.000000000000       5.785916190773274E-004  0.000000000000000E+000
   185.000000000000       5.754640968120445E-004  0.000000000000000E+000
   186.000000000000       5.723702038184314E-004  0.000000000000000E+000
   187.000000000000       5.693094005894559E-004  0.000000000000000E+000
   188.000000000000       5.662811590969588E-004  0.000000000000000E+000
   189.000000000000       5.632849624879801E-004  0.000000000000000E+000
   190.000000000000       5.603203047906750E-004  0.000000000000000E+000
   191.000000000000       5.573866906294672E-004  0.000000000000000E+000
   192.000000000000       5.544836349491055E-004  0.000000000000000E+000
   193.000000000000       5.516106627472966E-004  0.000000000000000E+000
   194.000000000000       5.487673088156095E-004  0.000000000000000E+000
   195.000000000000       5.459531174883499E-004  0.000000000000000E+000
   196.000000000000       5.431676423991237E-004  0.000000000000000E+000
   197.000000000000       5.404104462448134E-004  0.000000000000000E+000
   198.000000000000       5.376811005567083E-004  0.000000000000000E+000
   199.000000000000       5.349791854785339E-004  0.000000000000000E+000
   200.000000000000       5.323042895511412E-004  0.000000000000000E+000
   201.000000000000       5.296560095036231E-004  0.000000000000000E+000
   202.000000000000       5.270339500506348E-004  0.000000000000000E+000
   203.000000000000       5.244377236957057E-004  0.000000000000000E+000
   204.000000000000       5.218669505403345E-004  0.000000000000000E+000
   205.000000000000       5.193212580986744E-004  0.000000000000000E+000
   206.000000000000       5.168002811176129E-004  0.000000000000000E+000
   207.000000000000       5.143036614020688E-004  0.000000000000000E+000
   208.000000000000       5.118310476453281E-004  0.000000000000000E+000
   209.000000000000       5.093820952642500E-004  0.000000000000000E+000
   210.000000000000       5.069564662391822E-004  0.000000000000000E+000
   211.000000000000       5.045538289584278E-004  0.000000000000000E+000
   212.000000000000       5.021738580671144E-004  0.000000000000000E+000
   213.000000000000       4.998162343203205E-004  0.000000000000000E+000
   214.000000000000       4.974806444403189E-004  0.000000000000000E+000
   215.000000000000       4.951667809778058E-004  0.000000000000000E+000
   216.000000000000       4.928743421769826E-004  0.000000000000000E+000
   217.000000000000       4.906030318443697E-004  0.000000000000000E+000
   218.000000000000       4.883525592212305E-004  0.000000000000000E+000
   219.000000000000       4.861226388594897E-004  0.000000000000000E+000
   220.000000000000       4.839129905010375E-004  0.000000000000000E+000
   221.000000000000       4.817233389603088E-004  0.000000000000000E+000
   222.000000000000       4.795534140100372E-004  0.000000000000000E+000
   223.000000000000       4.774029502700818E-004  0.000000000000000E+000
   224.000000000000       4.752716870992332E-004  0.000000000000000E+000
   225.000000000000       4.731593684899033E-004  0.000000000000000E+000
   226.000000000000       4.710657429656117E-004  0.000000000000000E+000
   227.000000000000       4.689905634811817E-004  0.000000000000000E+000
   228.000000000000       4.669335873255625E-004  0.000000000000000E+000
   229.000000000000       4.648945760271976E-004  0.000000000000000E+000
   230.000000000000       4.628732952618619E-004  0.000000000000000E+000
   231.000000000000       4.608695147628928E-004  0.000000000000000E+000
   232.000000000000       4.588830082337425E-004  0.000000000000000E+000
   233.000000000000       4.569135532627822E-004  0.000000000000000E+000
   234.000000000000       4.549609312402917E-004  0.000000000000000E+000
   235.000000000000       4.530249272775670E-004  0.000000000000000E+000
   236.000000000000       4.511053301280858E-004  0.000000000000000E+000
   237.000000000000       4.492019321106677E-004  0.000000000000000E+000
   238.000000000000       4.473145290345725E-004  0.000000000000000E+000
   239.000000000000       4.454429201264780E-004  0.000000000000000E+000
   240.000000000000       4.435869079592844E-004  0.000000000000000E+000
   241.000000000000       4.417462983826898E-004  0.000000000000000E+000
   242.000000000000       4.399209004554886E-004  0.000000000000000E+000
   243.000000000000       4.381105263795401E-004  0.000000000000000E+000
   244.000000000000       4.363149914353617E-004  0.000000000000000E+000
   245.000000000000       4.345341139192989E-004  0.000000000000000E+000
   246.000000000000       4.327677150822286E-004  0.000000000000000E+000
   247.000000000000       4.310156190697500E-004  0.000000000000000E+000
   248.000000000000       4.292776528638236E-004  0.000000000000000E+000
   249.000000000000       4.275536462258162E-004  0.000000000000000E+000
   250.000000000000       4.258434316409130E-004  0.000000000000000E+000
   251.000000000000       4.241468442638575E-004  0.000000000000000E+000
   252.000000000000       4.224637218659851E-004  0.000000000000000E+000
   253.000000000000       4.207939047835108E-004  0.000000000000000E+000
   254.000000000000       4.191372358670403E-004  0.000000000000000E+000
   255.000000000000       4.174935604322676E-004  0.000000000000000E+000
   256.000000000000       4.158627262118291E-004  0.000000000000000E+000
   257.000000000000       4.142445833082811E-004  0.000000000000000E+000
   258.000000000000       4.126389841481715E-004  0.000000000000000E+000
   259.000000000000       4.110457834371747E-004  0.000000000000000E+000
   260.000000000000       4.094648381162625E-004  0.000000000000000E+000
   261.000000000000       4.078960073188822E-004  0.000000000000000E+000
   262.000000000000       4.063391523291154E-004  0.000000000000000E+000
   263.000000000000       4.047941365407918E-004  0.000000000000000E+000
   264.000000000000       4.032608254175312E-004  0.000000000000000E+000
   265.000000000000       4.017390864536915E-004  0.000000000000000E+000
   266.000000000000       4.002287891361964E-004  0.000000000000000E+000
   267.000000000000       3.987298049072219E-004  0.000000000000000E+000
   268.000000000000       3.972420071277173E-004  0.000000000000000E+000
   269.000000000000       3.957652710417407E-004  0.000000000000000E+000
   270.000000000000       3.942994737415861E-004  0.000000000000000E+000
   271.000000000000       3.928444941336836E-004  0.000000000000000E+000
   272.000000000000       3.914002129052509E-004  0.000000000000000E+000
   273.000000000000       3.899665124916785E-004  0.000000000000000E+000
   274.000000000000       3.885432770446286E-004  0.000000000000000E+000
   275.000000000000       3.871303924008300E-004  0.000000000000000E+000
   276.000000000000       3.857277460515516E-004  0.000000000000000E+000
   277.000000000000       3.843352271127373E-004  0.000000000000000E+000
   278.000000000000       3.829527262957851E-004  0.000000000000000E+000
   279.000000000000       3.815801358789543E-004  0.000000000000000E+000
   280.000000000000       3.802173496793866E-004  0.000000000000000E+000
   281.000000000000       3.788642630257233E-004  0.000000000000000E+000
   282.000000000000       3.775207727313058E-004  0.000000000000000E+000
   283.000000000000       3.761867770679443E-004  0.000000000000000E+000
   284.000000000000       3.748621757402403E-004  0.000000000000000E+000
   285.000000000000       3.735468698604500E-004  0.000000000000000E+000
   286.000000000000       3.722407619238750E-004  0.000000000000000E+000
   287.000000000000       3.709437557847674E-004  0.000000000000000E+000
   288.000000000000       3.696557566327370E-004  0.000000000000000E+000
   289.000000000000       3.683766709696479E-004  0.000000000000000E+000
   290.000000000000       3.671064065869940E-004  0.000000000000000E+000
   291.000000000000       3.658448725437397E-004  0.000000000000000E+000
   292.000000000000       3.645919791446173E-004  0.000000000000000E+000
   293.000000000000       3.633476379188677E-004  0.000000000000000E+000
   294.000000000000       3.621117615994158E-004  0.000000000000000E+000
   295.000000000000       3.608842641024686E-004  0.000000000000000E+000
   296.000000000000       3.596650605075279E-004  0.000000000000000E+000
   297.000000000000       3.584540670378056E-004  0.000000000000000E+000
   298.000000000000       3.572512010410344E-004  0.000000000000000E+000
   299.000000000000       3.560563809706631E-004  0.000000000000000E+000
   300.000000000000       3.548695263674275E-004  0.000000000000000E+000
   301.000000000000       3.536905578412899E-004  0.000000000000000E+000
   302.000000000000       3.525193970537359E-004  0.000000000000000E+000
   303.000000000000       3.513559667004232E-004  0.000000000000000E+000
   304.000000000000       3.502001904941719E-004  0.000000000000000E+000
   305.000000000000       3.490519931482893E-004  0.000000000000000E+000
   306.000000000000       3.479113003602230E-004  0.000000000000000E+000
   307.000000000000       3.467780387955317E-004  0.000000000000000E+000
   308.000000000000       3.456521360721696E-004  0.000000000000000E+000
   309.000000000000       3.445335207450752E-004  0.000000000000000E+000
   310.000000000000       3.434221222910589E-004  0.000000000000000E+000
   311.000000000000       3.423178710939815E-004  0.000000000000000E+000
   312.000000000000       3.412206984302188E-004  0.000000000000000E+000
