  0.000000000000000E+000 -0.452279791928676       3.795734750262622E-017
  7.812500000000000E-003 -0.453070149166931      -3.440512997163343E-004
  1.562500000000000E-002 -0.456236964359870      -7.057641169556699E-004
  2.343750000000000E-002 -0.469808719141615      -3.763846198107221E-003
  3.125000000000000E-002 -0.428443641394868      -4.342978736371771E-002
  3.906250000000000E-002 -0.440569971052221      -1.139417851743731E-002
  4.687500000000000E-002 -0.443915935723005      -1.148475865103244E-002
  5.468750000000000E-002 -0.446234991760694      -1.120010553421668E-002
  6.250000000000000E-002 -0.449354738298597      -1.269850045883897E-002
  7.031250000000000E-002 -0.452236861283100      -1.777239041010438E-002
  7.812500000000000E-002 -0.450401035839188      -2.409460129420202E-002
  8.593750000000000E-002 -0.443450208500923      -2.403760443795533E-002
  9.375000000000000E-002 -0.443040500722814      -2.120914160428235E-002
  0.101562500000000      -0.444438539342719      -2.051405773848277E-002
  0.109375000000000      -0.446763121909496      -2.006267913632388E-002
  0.117187500000000      -0.448609352281327      -2.359110933140922E-002
  0.125000000000000      -0.445104320081124      -2.557093680297178E-002
  0.132812500000000      -0.447857078215912      -2.166288307856314E-002
  0.140625000000000      -0.450203005462526      -2.228822056374818E-002
  0.148437500000000      -0.453606173623006      -2.200928630755540E-002
  0.156250000000000      -0.457536934516157      -2.308827225200042E-002
  0.164062500000000      -0.462076204857502      -2.618964351714468E-002
  0.171875000000000      -0.464796202980537      -2.974667709602498E-002
  0.179687500000000      -0.467853679928369      -3.346918877856670E-002
  0.187500000000000      -0.469480652127874      -3.784068896223801E-002
  0.195312500000000      -0.470563934261089      -4.048049321141055E-002
  0.203125000000000      -0.474344194492000      -4.512568595970324E-002
  0.210937500000000      -0.475389173180104      -5.096295776576527E-002
  0.218750000000000      -0.474530921770385      -5.552697758237349E-002
  0.226562500000000      -0.474439825177895      -5.883141937586699E-002
  0.234375000000000      -0.474520778242271      -6.189245648699174E-002
  0.242187500000000      -0.475398141813308      -6.490437631646162E-002
  0.250000000000000      -0.476331416887791      -6.855293628293596E-002
  0.257812500000000      -0.476715127813635      -7.386181648426456E-002
  0.265625000000000      -0.473286069587686      -7.597526331454957E-002
  0.273437500000000      -0.472722307256100      -7.567847695529199E-002
  0.281250000000000      -0.475223400863807      -7.352639588669940E-002
  0.289062500000000      -0.481521903134817      -7.680394640318933E-002
  0.296875000000000      -0.485777561959104      -8.140240416668010E-002
  0.304687500000000      -0.490058167659111      -8.718825664459347E-002
  0.312500000000000      -0.491634741732770      -9.451910053742354E-002
  0.320312500000000      -0.492631884329856      -0.100530952349299     
  0.328125000000000      -0.493785912555043      -0.105791762703852     
  0.335937500000000      -0.498026488122100      -0.112687905734628     
  0.343750000000000      -0.499375907797169      -0.123460904810139     
  0.351562500000000      -0.497113211011038      -0.135579332724019     
  0.359375000000000      -0.486571579622690      -0.145418781427646     
  0.367187500000000      -0.480091048473675      -0.145928391888411     
  0.375000000000000      -0.477167612313308      -0.146901565523907     
  0.382812500000000      -0.476376123481883      -0.148707496493973     
  0.390625000000000      -0.475165764870517      -0.153623582491172     
  0.398437500000000      -0.472588748409960      -0.157071755873120     
  0.406250000000000      -0.470698841237212      -0.160137039628341     
  0.414062500000000      -0.469331817649945      -0.164649125137413     
  0.421875000000000      -0.464378066659046      -0.167311667846570     
  0.429687500000000      -0.461867997343040      -0.167298428395038     
  0.437500000000000      -0.461922357412742      -0.166887898212009     
  0.445312500000000      -0.465845292843744      -0.166597848271122     
  0.453125000000000      -0.470856604750973      -0.173407578040317     
  0.460937500000000      -0.473095740995804      -0.181726521161748     
  0.468750000000000      -0.473961015112398      -0.191204310385763     
  0.476562500000000      -0.474356625026902      -0.202567567085542     
  0.484375000000000      -0.469755730802168      -0.218042916471530     
  0.492187500000000      -0.460446407357326      -0.233564000427919     
  0.500000000000000      -0.443193103357079      -0.249741250775087     
  0.507812500000000      -0.410716655028240      -0.259087127846308     
  0.515625000000000      -0.383441806587597      -0.235763557831197     
  0.523437500000000      -0.375136261799777      -0.219317940840028     
  0.531250000000000      -0.368411853135615      -0.203957232214136     
  0.539062500000000      -0.364133345029128      -0.185583257152426     
  0.546875000000000      -0.368276184117787      -0.157945533995299     
  0.554687500000000      -0.391585976851918      -0.148082566477340     
  0.562500000000000      -0.407573415712051      -0.146669733690805     
  0.570312500000000      -0.420931978311306      -0.148260317736792     
  0.578125000000000      -0.433208799224430      -0.152249140870190     
  0.585937500000000      -0.443929083017151      -0.161857925100282     
  0.593750000000000      -0.447447132868530      -0.170169736929984     
  0.601562500000000      -0.450406843565696      -0.176460360137619     
  0.609375000000000      -0.453382594779893      -0.181834521099975     
  0.617187500000000      -0.457162622817149      -0.186750203199209     
  0.625000000000000      -0.463771283206407      -0.194447752480716     
  0.632812500000000      -0.465174391639058      -0.205281081289604     
  0.640625000000000      -0.464494308864452      -0.215352098072146     
  0.648437500000000      -0.461461658825548      -0.225448245450127     
  0.656250000000000      -0.454232246394189      -0.235021864604403     
  0.664062500000000      -0.437750541926977      -0.237903187769470     
  0.671875000000000      -0.437270530986170      -0.226426945849712     
  0.679687500000000      -0.440525171936407      -0.223743555234706     
  0.687500000000000      -0.444083194564136      -0.223141281061178     
  0.695312500000000      -0.448126398563234      -0.223326553896108     
  0.703125000000000      -0.453475919306187      -0.223859449200506     
  0.710937500000000      -0.461996136338025      -0.227825230030730     
  0.718750000000000      -0.466721255845879      -0.234894270974315     
  0.726562500000000      -0.470167422450199      -0.241438525411315     
  0.734375000000000      -0.473485706263666      -0.247659895331196     
  0.742187500000000      -0.477597567247229      -0.254061589145148     
  0.750000000000000      -0.483682122709227      -0.262658178363020     
  0.757812500000000      -0.483976982713634      -0.277520613686479     
  0.765625000000000      -0.481360140904556      -0.287001606258880     
  0.773437500000000      -0.478865062048238      -0.295839163977755     
  0.781250000000000      -0.475323465489485      -0.304776230415003     
  0.789062500000000      -0.469117137173960      -0.313385989573432     
  0.796875000000000      -0.457796988210200      -0.318453101154825     
  0.804687500000000      -0.450982052174431      -0.309949859277016     
  0.812500000000000      -0.452038989920710      -0.305698268416284     
  0.820312500000000      -0.454657972591775      -0.300604548987123     
  0.828125000000000      -0.461183080368063      -0.292924704726560     
  0.835937500000000      -0.475701218042647      -0.282004723861073     
  0.843750000000000      -0.506677076442968      -0.267944680485338     
  0.851562500000000      -0.607567257424367      -0.269196974920065     
  0.859375000000000      -0.635245075431176      -0.427112368660708     
  0.867187500000000      -0.535876935712865      -0.493568994986979     
  0.875000000000000      -0.474442054703939      -0.482684733610317     
  0.882812500000000      -0.447711230266918      -0.466245343553442     
  0.890625000000000      -0.434343025798052      -0.455260976399233     
  0.898437500000000      -0.425158722723658      -0.447648882629730     
  0.906250000000000      -0.421129212698021      -0.435220831469860     
  0.914062500000000      -0.427580701127381      -0.430898954305540     
  0.921875000000000      -0.434504127670092      -0.432440591520826     
  0.929687500000000      -0.441593734432774      -0.437876914678157     
  0.937500000000000      -0.448727581417075      -0.446729028944556     
  0.945312500000000      -0.455756236188369      -0.459122165284378     
  0.953125000000000      -0.462416644440009      -0.475868899587782     
  0.960937500000000      -0.464874552587909      -0.500496680883251     
  0.968750000000000      -0.459663553880672      -0.522779162603372     
  0.976562500000000      -0.452926377806469      -0.544843365493618     
  0.984375000000000      -0.443782617117489      -0.568021401675915     
  0.992187500000000      -0.431056209977141      -0.592669551034063     
   1.00000000000000      -0.412999167563007      -0.618592703728225     
   1.00781250000000      -0.386774343629599      -0.644593334908869     
   1.01562500000000      -0.345711239537903      -0.665956802782859     
   1.02343750000000      -0.307127986240349      -0.658318872633726     
   1.03125000000000      -0.282065152319705      -0.651853344148683     
   1.03906250000000      -0.260980288125593      -0.645960606297483     
   1.04687500000000      -0.242232080226773      -0.640070329101348     
   1.05468750000000      -0.225239547391783      -0.633751245539359     
   1.06250000000000      -0.209996831018136      -0.626571209952283     
   1.07031250000000      -0.197223653574774      -0.617980143842812     
   1.07812500000000      -0.192216267477756      -0.607784615258474     
   1.08593750000000      -0.188942336894196      -0.610191484483731     
   1.09375000000000      -0.180331678495738      -0.614951374943268     
   1.10156250000000      -0.167919069071312      -0.620394049250512     
   1.10937500000000      -0.151755656468260      -0.625441698241360     
   1.11718750000000      -0.131645702716783      -0.628808966478156     
   1.12500000000000      -0.107474981183020      -0.628658420345265     
   1.13281250000000      -7.960100307385312E-002 -0.622092094454846     
   1.14062500000000      -4.946927699249177E-002 -0.602215880996897     
   1.14843750000000      -4.294461273610671E-002 -0.574176609651620     
   1.15625000000000      -4.013301037884447E-002 -0.557204527474106     
   1.16406250000000      -3.797216874392981E-002 -0.544045935737761     
   1.17187500000000      -3.607387502901806E-002 -0.533116098546453     
   1.17968750000000      -3.432889895523376E-002 -0.523651961876933     
   1.18750000000000      -3.274698103012095E-002 -0.515199070989124     
   1.19531250000000      -3.144264999898356E-002 -0.507450365709037     
   1.20312500000000      -3.075853101185706E-002 -0.500178883704294     
   1.21093750000000      -3.212432922790973E-002 -0.494623746796613     
   1.21875000000000      -3.162137017779274E-002 -0.491976388886697     
   1.22656250000000      -2.974666136672871E-002 -0.489571052399842     
   1.23437500000000      -2.698772444773591E-002 -0.487163178349859     
   1.24218750000000      -2.356446921699873E-002 -0.484560431052658     
   1.25000000000000      -1.965440297483260E-002 -0.481574810271173     
   1.25781250000000      -1.545963486946518E-002 -0.478007589838530     
   1.26562500000000      -1.126457959990203E-002 -0.473633035556899     
   1.27343750000000      -7.570482156483222E-003 -0.468128025772478     
   1.28125000000000      -6.853332993852206E-003 -0.461642160817689     
   1.28906250000000      -6.795081966471533E-003 -0.458540783712954     
   1.29687500000000      -5.827782470619955E-003 -0.456063392291568     
   1.30468750000000      -4.468919792934413E-003 -0.453723217716195     
   1.31250000000000      -3.008050351339043E-003 -0.451364083533146     
   1.32031250000000      -1.704142718643989E-003 -0.448930918258219     
   1.32812500000000      -8.577382522626883E-004 -0.446439960186836     
   1.33593750000000      -8.931014991850657E-004 -0.444005794290925     
   1.34375000000000      -2.563510767861383E-003 -0.441964092189747     
   1.35156250000000      -8.248206066594573E-003 -0.441748302560623     
   1.35937500000000      -1.082503687085829E-002 -0.452254381070096     
   1.36718750000000      -7.161816255398021E-003 -0.461465761778074     
   1.37500000000000      -4.167741861453153E-004 -0.470187477912373     
   1.38281250000000       9.370646229139839E-003 -0.478302482596446     
   1.39062500000000       2.246872094513833E-002 -0.485228006061041     
   1.39843750000000       3.912328894329675E-002 -0.489871133511750     
   1.40625000000000       5.917585821781209E-002 -0.490535564127262     
   1.41406250000000       8.149041449759142E-002 -0.485006114531111     
   1.42187500000000       0.103300803466020      -0.470962286752636     
   1.42968750000000       0.118846848271810      -0.444691194774518     
   1.43750000000000       0.112872949027599      -0.425838418601826     
   1.44531250000000       0.110749540705057      -0.415648018598550     
   1.45312500000000       0.110067536573986      -0.407673571676571     
   1.46093750000000       0.110221631519605      -0.400750049584120     
   1.46875000000000       0.110909656828491      -0.394348220097028     
   1.47656250000000       0.111929216006544      -0.388156903410371     
   1.48437500000000       0.113110246987888      -0.381956630869661     
   1.49218750000000       0.114275281392112      -0.375561173406207     
   1.50000000000000       0.115188610517121      -0.368764907688049     
   1.50781250000000       0.115388056739241      -0.361183430077897     
   1.51562500000000       0.111942736437412      -0.353725631551523     
   1.52343750000000       0.108803707821914      -0.350096994686222     
   1.53125000000000       0.106729321066687      -0.347412681698519     
   1.53906250000000       0.105346774995165      -0.345231161072482     
   1.54687500000000       0.104483004522581      -0.343374872321164     
   1.55468750000000       0.104026325294776      -0.341752549196282     
   1.56250000000000       0.103890449779774      -0.340319730191250     
   1.57031250000000       0.103998941060506      -0.339071362592315     
   1.57812500000000       0.104275965670733      -0.338054708826434     
   1.58593750000000       0.104639331300977      -0.337421784087567     
   1.59375000000000       0.104996491312735      -0.337679262258718     
   1.60156250000000       0.107875686923938      -0.339972967373289     
   1.60937500000000       0.112658241634946      -0.339782583063213     
   1.61718750000000       0.117548199456742      -0.338415431235330     
   1.62500000000000       0.122485693828750      -0.336184185232742     
   1.63281250000000       0.127404445706086      -0.333187997751500     
   1.64062500000000       0.132230670142330      -0.329461507187560     
   1.64843750000000       0.136879756674700      -0.325008624835671     
   1.65625000000000       0.141251381070582      -0.319811015696805     
   1.66406250000000       0.145219878960169      -0.313821892590167     
   1.67187500000000       0.148608064999162      -0.306934194579990     
   1.67968750000000       0.151084357367641      -0.298856481568353     
   1.68750000000000       0.150474103439155      -0.288191384474863     
   1.69531250000000       0.145729201711195      -0.283080480932575     
   1.70312500000000       0.142904136835551      -0.279896831912121     
   1.71093750000000       0.140970513776731      -0.277481175842555     
   1.71875000000000       0.139661514266966      -0.275534606610671     
   1.72656250000000       0.138853454513082      -0.273919296200849     
   1.73437500000000       0.138482017102904      -0.272561618161587     
   1.74218750000000       0.138518176320902      -0.271422701620254     
   1.75000000000000       0.138962312819876      -0.270488188332977     
   1.75781250000000       0.139850010244513      -0.269767432245961     
   1.76562500000000       0.141277060233418      -0.269303415252562     
   1.77343750000000       0.143491150905884      -0.269213970861252     
   1.78125000000000       0.147851472840960      -0.270069903993882     
   1.78906250000000       0.154138185956908      -0.266199899987875     
   1.79687500000000       0.158403117627120      -0.261402718180092     
   1.80468750000000       0.161826725204815      -0.256185613179910     
   1.81250000000000       0.164632916490156      -0.250659554315040     
   1.82031250000000       0.166906243906943      -0.244878351569895     
   1.82812500000000       0.168677266959891      -0.238874974958588     
   1.83593750000000       0.169946373617638      -0.232672351820815     
   1.84375000000000       0.170690609049300      -0.226287413687431     
   1.85156250000000       0.170861703076606      -0.219732277563421     
   1.85937500000000       0.170373634011520      -0.213013027584782     
   1.86718750000000       0.169064345710921      -0.206123455157768     
   1.87500000000000       0.166541245356637      -0.199015430990812     
   1.88281250000000       0.160719324815260      -0.192965937556348     
   1.89062500000000       0.156238378816229      -0.190817726570998     
   1.89843750000000       0.153074031547179      -0.188983736066044     
   1.90625000000000       0.150579534981908      -0.187288121804392     
   1.91406250000000       0.148530652311907      -0.185667364725851     
   1.92187500000000       0.146809567430018      -0.184087208313548     
   1.92968750000000       0.145342227596023      -0.182526079790018     
   1.93750000000000       0.144076571373149      -0.180969579668892     
   1.94531250000000       0.142972894977373      -0.179408482096018     
   1.95312500000000       0.141999043599933      -0.177838455212743     
   1.96093750000000       0.141128136202016      -0.176261289102064     
   1.96875000000000       0.140338614895281      -0.174688748202150     
   1.97656250000000       0.139620100439197      -0.173154794721034     
   1.98437500000000       0.139060911986962      -0.171813043483145     
   1.99218750000000       0.138918446475990      -0.170122003713181     
   2.00000000000000       0.138661163042380      -0.168249803789643     
   2.00781250000000       0.138359364299415      -0.166283650696934     
   2.01562500000000       0.138015275010129      -0.164243510131078     
   2.02343750000000       0.137622688064545      -0.162140316015264     
   2.03125000000000       0.137172260269407      -0.159982033194054     
   2.03906250000000       0.136652647204392      -0.157775570096301     
   2.04687500000000       0.136050522044252      -0.155527685564402     
   2.05468750000000       0.135349957855936      -0.153245595612145     
   2.06250000000000       0.134531006008580      -0.150937554362514     
   2.07031250000000       0.133566623676636      -0.148613640269424     
   2.07812500000000       0.132415064059979      -0.146287209006185     
   2.08593750000000       0.130994340255897      -0.143978693862039     
   2.09375000000000       0.128906380803930      -0.141784822340106     
   2.10156250000000       0.127021846986889      -0.140891927353728     
   2.10937500000000       0.125685050956145      -0.139972957418216     
   2.11718750000000       0.124570206551644      -0.139031371706305     
   2.12500000000000       0.123594362655680      -0.138068288428414     
   2.13281250000000       0.122715522168470      -0.137085205130603     
   2.14062500000000       0.121907317226213      -0.136084066265875     
   2.14843750000000       0.121151036408722      -0.135067337221104     
   2.15625000000000       0.120432239580123      -0.134038142028803     
   2.16406250000000       0.119739035614495      -0.133000493004309     
   2.17187500000000       0.119061062947576      -0.131959678139088     
   2.17968750000000       0.118388758627159      -0.130922965096391     
   2.18750000000000       0.117712633530566      -0.129901050533289     
   2.19531250000000       0.117022078549429      -0.128911710255942     
   2.20312500000000       0.116301511491607      -0.127993452702662     
   2.21093750000000       0.115635294087324      -0.127330409460844     
   2.21875000000000       0.115277457080801      -0.126604484396610     
   2.22656250000000       0.114980169828166      -0.125781012485713     
   2.23437500000000       0.114720807111570      -0.124896482275959     
   2.24218750000000       0.114488880373121      -0.123963062332865     
   2.25000000000000       0.114277464537799      -0.122986916998947     
   2.25781250000000       0.114081285333754      -0.121971786831117     
   2.26562500000000       0.113896021054940      -0.120920215296924     
   2.27343750000000       0.113718003573843      -0.119834088076204     
   2.28125000000000       0.113544106170061      -0.118714904810893     
   2.28906250000000       0.113371762662289      -0.117563918745519     
   2.29687500000000       0.113199140473150      -0.116382181835125     
   2.30468750000000       0.113025597348516      -0.115170462338417     
   2.31250000000000       0.112852868824045      -0.113928837800612     
   2.32031250000000       0.112688974760386      -0.112654918158423     
   2.32812500000000       0.112578234499778      -0.111325577211923     
   2.33593750000000       0.112346641788525      -0.109801475463198     
   2.34375000000000       0.112016228557196      -0.108327879258303     
   2.35156250000000       0.111643048032362      -0.106856953363432     
   2.35937500000000       0.111229728402537      -0.105379195211560     
   2.36718750000000       0.110774819966193      -0.103891184457244     
   2.37500000000000       0.110275382750885      -0.102391579344988     
   2.38281250000000       0.109727507430126      -0.100879968324217     
   2.39062500000000       0.109126346886321      -9.935642366338207E-002
   2.39843750000000       0.108465922697544      -9.782129474178058E-002
   2.40625000000000       0.107738723019200      -9.627509735914476E-002
   2.41406250000000       0.106934988983281      -9.471844127661717E-002
   2.42187500000000       0.106041414820513      -9.315196236395340E-002
   2.42968750000000       0.105038557408417      -9.157621999767231E-002
   2.43750000000000       0.103894838769309      -8.999146327728905E-002
   2.44531250000000       0.102548540134637      -8.839686940460396E-002
   2.45312500000000       0.100805723060882      -8.678568474197890E-002
   2.46093750000000       9.852787572463828E-002 -8.615301331943721E-002
   2.46875000000000       9.696829718149713E-002 -8.586768723916501E-002
   2.47656250000000       9.565674639084906E-002 -8.559047288994105E-002
   2.48437500000000       9.449410303591718E-002 -8.531844825206755E-002
   2.49218750000000       9.343738400215744E-002 -8.505153140480309E-002
   2.50000000000000       9.246260690634368E-002 -8.479057739056843E-002
   2.53125000000000       8.914957138956063E-002 -8.383982984359986E-002
   2.56250000000000       8.662067676684453E-002 -8.316304817031402E-002
   2.59375000000000       8.558653484121763E-002 -8.241956331414171E-002
   2.62500000000000       8.431425939858300E-002 -8.037678734932545E-002
   2.65625000000000       8.266865105475960E-002 -7.845140944306861E-002
   2.68750000000000       8.063064665596088E-002 -7.700347636264218E-002
   2.71875000000000       7.946809375830760E-002 -7.867727561508588E-002
   2.75000000000000       8.238962521606864E-002 -7.351103983150854E-002
   2.78125000000000       8.031448343815686E-002 -6.994631102995552E-002
   2.81250000000000       7.819979464739260E-002 -6.733679479726280E-002
   2.84375000000000       7.608189322478774E-002 -6.518275140234044E-002
   2.87500000000000       7.387762061720958E-002 -6.361437272101195E-002
   2.90625000000000       7.252148121148412E-002 -6.236103558101093E-002
   2.93750000000000       7.131516874425495E-002 -6.080806526325715E-002
   2.96875000000000       7.010897069948908E-002 -5.909841275893826E-002
   3.00000000000000       6.879004790947438E-002 -5.726105780989744E-002
   3.03125000000000       6.699100410363062E-002 -5.540553973767266E-002
   3.06250000000000       6.534812602615996E-002 -5.430572734578989E-002
   3.09375000000000       6.401998217564128E-002 -5.315027140715330E-002
   3.12500000000000       6.278958721055600E-002 -5.190956725408198E-002
   3.15625000000000       6.154629230557255E-002 -5.057474577615429E-002
   3.18750000000000       6.009842494061612E-002 -4.911442783864399E-002
   3.21875000000000       5.839089316838775E-002 -4.822870467106093E-002
   3.25000000000000       5.702281423862555E-002 -4.749812571612834E-002
   3.28125000000000       5.581391959810741E-002 -4.682475506114224E-002
   3.31250000000000       5.473954623227099E-002 -4.620769808351578E-002
   3.34375000000000       5.383542049377744E-002 -4.567513590656284E-002
   3.37500000000000       5.339499279855641E-002 -4.499446638843416E-002
   3.40625000000000       5.279784329687477E-002 -4.390399375141366E-002
   3.43750000000000       5.205849616429482E-002 -4.273289463413422E-002
   3.46875000000000       5.119299631615280E-002 -4.150744552190349E-002
   3.50000000000000       5.016890460132613E-002 -4.023883474320194E-002
   3.53125000000000       4.884605600578349E-002 -3.892755200582029E-002
   3.56250000000000       4.721309832015396E-002 -3.827732522746215E-002
   3.59375000000000       4.599195631087989E-002 -3.778402909426958E-002
   3.62500000000000       4.490145817323862E-002 -3.729630779406905E-002
   3.65625000000000       4.388114128955208E-002 -3.681113318727607E-002
   3.68750000000000       4.289787811190975E-002 -3.633148059094322E-002
   3.71875000000000       4.191602233634042E-002 -3.587125276819670E-002
   3.75000000000000       4.099179752858038E-002 -3.551586543050100E-002
   3.78125000000000       4.015157728282673E-002 -3.513496173369477E-002
   3.81250000000000       3.933719934077005E-002 -3.473436054454644E-002
   3.84375000000000       3.852644386814951E-002 -3.431753260281729E-002
   3.87500000000000       3.769362560627178E-002 -3.388556606577625E-002
   3.90625000000000       3.678355973249529E-002 -3.343610554448267E-002
   3.93750000000000       3.566391912079191E-002 -3.322148639793274E-002
   3.96875000000000       3.479454222856488E-002 -3.321071473900015E-002
   4.00000000000000       3.404893537004324E-002 -3.321214150260760E-002
   4.03125000000000       3.338828544948629E-002 -3.322386305672139E-002
   4.06250000000000       3.279940262663145E-002 -3.324814366112427E-002
   4.09375000000000       3.228141080829489E-002 -3.329126960612259E-002
   4.12500000000000       3.187162233613921E-002 -3.337992721364272E-002
   4.15625000000000       3.159213297474703E-002 -3.333214015049592E-002
   4.18750000000000       3.129559470999022E-002 -3.324318279798044E-002
   4.21875000000000       3.101354320544663E-002 -3.313756015615154E-002
   4.25000000000000       3.075423453500654E-002 -3.302300989168666E-002
   4.28125000000000       3.052688047352509E-002 -3.290593594379893E-002
   4.31250000000000       3.035158843606255E-002 -3.279536125968849E-002
   4.34375000000000       3.035370881602987E-002 -3.269485990846441E-002
   4.37500000000000       3.036481592071381E-002 -3.225608501792480E-002
   4.40625000000000       3.023817482101337E-002 -3.177078683648974E-002
   4.43750000000000       3.003384835940949E-002 -3.125781913426779E-002
   4.46875000000000       2.976012682548358E-002 -3.072277749130214E-002
   4.50000000000000       2.941143274286238E-002 -3.016810563477289E-002
   4.53125000000000       2.896617543886923E-002 -2.959344154948376E-002
   4.56250000000000       2.834108763462316E-002 -2.898795985091677E-002
   4.59375000000000       2.747262084862859E-002 -2.878355442448101E-002
   4.62500000000000       2.686860419021182E-002 -2.872239822203445E-002
   4.65625000000000       2.635722355748224E-002 -2.867920457772576E-002
   4.68750000000000       2.590326370758902E-002 -2.864932406334730E-002
   4.71875000000000       2.549186185014019E-002 -2.863240391361025E-002
   4.75000000000000       2.511561793658396E-002 -2.863061396427589E-002
   4.78125000000000       2.477195678909392E-002 -2.865032822762591E-002
   4.81250000000000       2.448760337861640E-002 -2.871708501925691E-002
   4.84375000000000       2.428655753667367E-002 -2.873492723113035E-002
   4.87500000000000       2.409854324643056E-002 -2.872793123976298E-002
   4.90625000000000       2.392656679463646E-002 -2.870994950602073E-002
   4.93750000000000       2.377169424778139E-002 -2.868588762621964E-002
   4.96875000000000       2.363573073925035E-002 -2.865905024730310E-002
   5.00000000000000       2.352270537593784E-002 -2.863278464760062E-002
   5.03125000000000       2.344328297563826E-002 -2.861238103793636E-002
   5.06250000000000       2.346805495541625E-002 -2.858849460239972E-002
   5.09375000000000       2.348938361334967E-002 -2.840784778941882E-002
   5.12500000000000       2.345884071959581E-002 -2.820269396523344E-002
   5.15625000000000       2.340016496527764E-002 -2.798280669155344E-002
   5.18750000000000       2.331851371147622E-002 -2.775162630583817E-002
   5.21875000000000       2.321442449785508E-002 -2.751108986055172E-002
   5.25000000000000       2.308527004266507E-002 -2.726237782653124E-002
   5.28125000000000       2.292342228443248E-002 -2.700587973948193E-002
   5.31250000000000       2.270163173801197E-002 -2.673919106954149E-002
   5.34375000000000       2.239017888339680E-002 -2.660752938657705E-002
   5.37500000000000       2.217825754886567E-002 -2.653282944792374E-002
   5.40625000000000       2.200357809918606E-002 -2.646195351378965E-002
   5.43750000000000       2.185297380225596E-002 -2.639325471848529E-002
   5.46875000000000       2.172135408726879E-002 -2.632636567409081E-002
   5.50000000000000       2.160674035362780E-002 -2.626143515207780E-002
   5.53125000000000       2.150939802674078E-002 -2.619903412013361E-002
   5.56250000000000       2.143303903917321E-002 -2.614043234650474E-002
   5.59375000000000       2.139805382600922E-002 -2.608996761394412E-002
   5.62500000000000       2.139728542111296E-002 -2.595335606867239E-002
   5.65625000000000       2.135431880343607E-002 -2.580249062927741E-002
   5.68750000000000       2.129687661005204E-002 -2.564786123177731E-002
   5.71875000000000       2.122901164438813E-002 -2.549065273955111E-002
   5.75000000000000       2.115152609508023E-002 -2.533152036403402E-002
   5.78125000000000       2.106354144857393E-002 -2.517091271465430E-002
   5.81250000000000       2.096235908626385E-002 -2.500915178552247E-002
   5.84375000000000       2.084168182840367E-002 -2.484639533479239E-002
   5.87500000000000       2.068145754139377E-002 -2.468214835158597E-002
   5.90625000000000       2.044952513361895E-002 -2.462597322242409E-002
   5.93750000000000       2.031538812318853E-002 -2.462982762493889E-002
   5.96875000000000       2.022396380848914E-002 -2.463593699187824E-002
   6.00000000000000       2.016311298999951E-002 -2.464390808022905E-002
   6.03125000000000       2.012923522165241E-002 -2.465387201519102E-002
   6.06250000000000       2.012222718280365E-002 -2.466622627875667E-002
   6.09375000000000       2.014484643661728E-002 -2.468166569150794E-002
   6.12500000000000       2.020399333328859E-002 -2.470140524072465E-002
   6.15625000000000       2.031627873798528E-002 -2.472795612449053E-002
   6.18750000000000       2.055189355160011E-002 -2.477094773361678E-002
   6.21875000000000       2.087825917683319E-002 -2.451184545355478E-002
   6.25000000000000       2.103747599422145E-002 -2.420656569292163E-002
   6.28125000000000       2.113276200602111E-002 -2.389157952379978E-002
   6.31250000000000       2.118209324025979E-002 -2.357000997699131E-002
   6.34375000000000       2.119216416178034E-002 -2.324344388164100E-002
   6.37500000000000       2.116493820973843E-002 -2.291288388293214E-002
   6.40625000000000       2.109902337899976E-002 -2.257902139043906E-002
   6.43750000000000       2.098901493498806E-002 -2.224230949420190E-002
   6.46875000000000       2.082154250445494E-002 -2.190285674071322E-002
   6.50000000000000       2.055226209227560E-002 -2.155940873785090E-002
   6.53125000000000       2.012854160337075E-002 -2.145088982825870E-002
   6.56250000000000       1.988794978169316E-002 -2.144922898750663E-002
   6.59375000000000       1.971272250789861E-002 -2.145002021155053E-002
   6.62500000000000       1.957700850148257E-002 -2.145215838795444E-002
   6.65625000000000       1.947036684465826E-002 -2.145533346827438E-002
   6.68750000000000       1.938751887145440E-002 -2.145949977051174E-002
   6.71875000000000       1.932575936456536E-002 -2.146475597979143E-002
   6.75000000000000       1.928416195964731E-002 -2.147132468716050E-002
   6.78125000000000       1.926368677278475E-002 -2.147959599664161E-002
   6.81250000000000       1.926885537130543E-002 -2.149031428877447E-002
   6.84375000000000       1.932405467922058E-002 -2.150606290668472E-002
   6.87500000000000       1.940342435576832E-002 -2.142402836416725E-002
   6.90625000000000       1.944224828334300E-002 -2.133554215099427E-002
   6.93750000000000       1.947009208627473E-002 -2.124581908841556E-002
   6.96875000000000       1.949242721484645E-002 -2.115559005095905E-002
   7.00000000000000       1.951166701316758E-002 -2.106529893862409E-002
   7.03125000000000       1.952913256635322E-002 -2.097530182348852E-002
   7.06250000000000       1.954563440335158E-002 -2.088594481925718E-002
   7.09375000000000       1.956170351918494E-002 -2.079762384423826E-002
   7.12500000000000       1.957769151713781E-002 -2.071087295056772E-002
   7.15625000000000       1.959378759217657E-002 -2.062658527729718E-002
   7.18750000000000       1.960978536577910E-002 -2.054709795967918E-002
   7.21875000000000       1.963668210351904E-002 -2.047819199921583E-002
   7.25000000000000       1.967372541336348E-002 -2.040201018793114E-002
   7.28125000000000       1.971431852896415E-002 -2.032239388509894E-002
   7.31250000000000       1.975818382645544E-002 -2.024064018404604E-002
   7.34375000000000       1.980543541615705E-002 -2.015735564778624E-002
   7.37500000000000       1.985640104265900E-002 -2.007292046622043E-002
   7.40625000000000       1.991162056088439E-002 -1.998761523782224E-002
   7.43750000000000       1.997192497988091E-002 -1.990167453961985E-002
   7.46875000000000       2.003863000097559E-002 -1.981531940397246E-002
   7.50000000000000       2.011401228421736E-002 -1.972878997466205E-002
   7.53125000000000       2.020280968807424E-002 -1.964240982740625E-002
   7.56250000000000       2.032219026164492E-002 -1.955691863586322E-002
   7.59375000000000       2.046645452507120E-002 -1.939125729993955E-002
   7.62500000000000       2.056055284980571E-002 -1.921166923194090E-002
   7.65625000000000       2.063660922625064E-002 -1.903113700711036E-002
   7.68750000000000       2.070042777518743E-002 -1.884989520743080E-002
   7.71875000000000       2.075443256273231E-002 -1.866806714336612E-002
   7.75000000000000       2.079978518114517E-002 -1.848573048100952E-002
   7.78125000000000       2.083695190364767E-002 -1.830293559021870E-002
   7.81250000000000       2.086586841310356E-002 -1.811971043275949E-002
   7.84375000000000       2.088590286775856E-002 -1.793605737146349E-002
   7.87500000000000       2.089558049960999E-002 -1.775193831802502E-002
   7.90625000000000       2.089170059932714E-002 -1.756722716932833E-002
   7.93750000000000       2.086548042536261E-002 -1.738149459757969E-002
   7.96875000000000       2.078349269414028E-002 -1.723665630465643E-002
   8.00000000000000       2.074811495727255E-002 -1.714945998729691E-002
   8.03125000000000       2.073722360061077E-002 -1.706376901114290E-002
   8.06250000000000       2.074044412247577E-002 -1.697900985027643E-002
   8.09375000000000       2.075413944715184E-002 -1.689500485632661E-002
   8.12500000000000       2.077656055442472E-002 -1.681168889369760E-002
   8.15625000000000       2.080680005193329E-002 -1.672905054945758E-002
   8.18750000000000       2.084443502937795E-002 -1.664711441641763E-002
   8.21875000000000       2.088939282978658E-002 -1.656593806594050E-002
   8.25000000000000       2.094192901249724E-002 -1.648561931716163E-002
   8.28125000000000       2.100271624774244E-002 -1.640631924598257E-002
   8.31250000000000       2.107317773087578E-002 -1.632832787005871E-002
   8.34375000000000       2.115692908454863E-002 -1.625233109778235E-002
   8.37500000000000       2.127050069277865E-002 -1.616510430536915E-002
   8.40625000000000       2.137494217734107E-002 -1.605078502789734E-002
   8.43750000000000       2.147497658068243E-002 -1.593477533383158E-002
   8.46875000000000       2.157552402226708E-002 -1.581794710081748E-002
   8.50000000000000       2.167872795667829E-002 -1.570064313275765E-002
   8.53125000000000       2.178611641000663E-002 -1.558306936193640E-002
   8.56250000000000       2.189909487205612E-002 -1.546538007268602E-002
   8.59375000000000       2.201917988280577E-002 -1.534771128221316E-002
   8.62500000000000       2.214819738641777E-002 -1.523020054028006E-002
   8.65625000000000       2.228854766450011E-002 -1.511300543971949E-002
   8.68750000000000       2.244367551762343E-002 -1.499633035259314E-002
   8.71875000000000       2.261910698916873E-002 -1.488048069205733E-002
   8.75000000000000       2.282545167847795E-002 -1.476601582559391E-002
   8.78125000000000       2.309406805604287E-002 -1.465454034755984E-002
   8.81250000000000       2.346708962516677E-002 -1.438516546294499E-002
   8.84375000000000       2.371071168451428E-002 -1.403746943620519E-002
   8.87500000000000       2.390524014005577E-002 -1.368666965866032E-002
   8.90625000000000       2.406922888813863E-002 -1.333383286183552E-002
   8.93750000000000       2.421064258859858E-002 -1.297945805877074E-002
   8.96875000000000       2.433405814332117E-002 -1.262385724987834E-002
   9.00000000000000       2.444255830220181E-002 -1.226725804490501E-002
   9.03125000000000       2.453848481125454E-002 -1.190984553935402E-002
   9.06250000000000       2.462383208891247E-002 -1.155178486826357E-002
   9.09375000000000       2.470052529348516E-002 -1.119323768464935E-002
   9.12500000000000       2.477071176361120E-002 -1.083437993637555E-002
   9.15625000000000       2.483722774524124E-002 -1.047543079079295E-002
   9.18750000000000       2.490469388251847E-002 -1.011672104170756E-002
   9.21875000000000       2.498361253093400E-002 -9.758950637424681E-003
   9.25000000000000       2.512326262994952E-002 -9.364715669308304E-003
   9.28125000000000       2.519849478438919E-002 -8.876408477194335E-003
   9.31250000000000       2.522245815841370E-002 -8.384750951422050E-003
   9.34375000000000       2.521172470359373E-002 -7.891067779871426E-003
   9.37500000000000       2.517144504617624E-002 -7.395902371918131E-003
   9.40625000000000       2.510381707909682E-002 -6.899595483658727E-003
   9.43750000000000       2.500967711765832E-002 -6.402401457823690E-003
   9.46875000000000       2.488899549734036E-002 -5.904529779124204E-003
   9.50000000000000       2.474102393180652E-002 -5.406164323721866E-003
   9.53125000000000       2.456426217537236E-002 -4.907473907693731E-003
   9.56250000000000       2.435625689859885E-002 -4.408618847339261E-003
   9.59375000000000       2.411313811687010E-002 -3.909755370011067E-003
   9.62500000000000       2.382858152718577E-002 -3.411038182660536E-003
   9.65625000000000       2.349111826161791E-002 -2.912618610910202E-003
   9.68750000000000       2.307429618093171E-002 -2.414617388258829E-003
   9.71875000000000       2.244101787794506E-002 -1.994169335849091E-003
   9.75000000000000       2.192558067578884E-002 -1.872801508730341E-003
   9.78125000000000       2.151830261619638E-002 -1.752398653919093E-003
   9.81250000000000       2.115973731783501E-002 -1.632522409505351E-003
   9.84375000000000       2.083155124593273E-002 -1.513029609618843E-003
   9.87500000000000       2.052444511279222E-002 -1.393847145844590E-003
   9.90625000000000       2.023269475883486E-002 -1.274931593445423E-003
   9.93750000000000       1.995233703705973E-002 -1.156255366520141E-003
   9.96875000000000       1.968037339174991E-002 -1.037800601021923E-003
   10.0000000000000       1.941434724190317E-002 -9.195560586640626E-004
   10.0312500000000       1.915207374311843E-002 -8.015154588166919E-004
   10.0625000000000       1.889141848410041E-002 -6.836766095461827E-004
   10.0937500000000       1.863004412411104E-002 -5.660410948728302E-004
   10.1250000000000       1.836499066582429E-002 -4.486145037418744E-004
   10.1562500000000       1.809167841712087E-002 -3.314074721827827E-004
   10.1875000000000       1.780010152898727E-002 -2.144385567147315E-004
   10.2187500000000       1.744986903516429E-002 -1.371812277432100E-004
   10.2500000000000       1.715532755991261E-002 -1.342404345855550E-004
   10.2812500000000       1.689497602212371E-002 -1.313128632412200E-004
   10.3125000000000       1.665425436363716E-002 -1.283916047968602E-004
   10.3437500000000       1.642791790596574E-002 -1.254743653656544E-004
   10.3750000000000       1.621312489355728E-002 -1.225600440591687E-004
   10.4062500000000       1.600805053648267E-002 -1.196480449999652E-004
   10.4375000000000       1.581140365543180E-002 -1.167380390759387E-004
   10.4687500000000       1.562221095828652E-002 -1.138298600351462E-004
   10.5000000000000       1.543970508754632E-002 -1.109234534577880E-004
   10.5312500000000       1.526325998204034E-002 -1.080188508687935E-004
   10.5625000000000       1.509235015085363E-002 -1.051161582509380E-004
   10.5937500000000       1.492652257953108E-002 -1.022155553181196E-004
   10.6250000000000       1.476537452643065E-002 -9.931730687287622E-005
   10.6562500000000       1.460853055465588E-002 -9.642179613691746E-005
   10.6875000000000       1.445560270870247E-002 -9.352962197211165E-005
   10.7187500000000       1.430602302400327E-002 -9.064206983996562E-005
   10.7500000000000       1.415922606203679E-002 -8.943461631244473E-005
   10.7812500000000       1.401738458879620E-002 -8.896340726837564E-005
   10.8125000000000       1.387945483416006E-002 -8.849474724839543E-005
   10.8437500000000       1.374509086092175E-002 -8.802974810408106E-005
   10.8750000000000       1.361407499538155E-002 -8.756933051146438E-005
   10.9062500000000       1.348624230128551E-002 -8.711447601911668E-005
   10.9375000000000       1.336146114349188E-002 -8.666634400844914E-005
   10.9687500000000       1.323962674367889E-002 -8.622638391322923E-005
   11.0000000000000       1.312066015040263E-002 -8.579648480516974E-005
   11.0312500000000       1.300451117555979E-002 -8.537920509866225E-005
   11.0625000000000       1.289116623171131E-002 -8.497815604541205E-005
   11.0937500000000       1.278066454104581E-002 -8.459869196925289E-005
   11.1250000000000       1.267313161137084E-002 -8.424926522585384E-005
   11.1562500000000       1.256885418638817E-002 -8.394440473278179E-005
   11.1875000000000       1.246847471553184E-002 -8.371240593965800E-005
   11.2187500000000       1.237363867173208E-002 -8.362096286575757E-005
   11.2500000000000       1.229055988199672E-002 -8.391922243420711E-005
   11.2812500000000       1.222471737068677E-002 -2.520154952525382E-018
   11.3125000000000       1.207661843988873E-002  7.756910901655598E-018
   11.3437500000000       1.196143855600325E-002  6.214894032953703E-018
   11.3750000000000       1.185410061941914E-002 -1.314680533648482E-017
   11.4062500000000       1.175112883518462E-002  2.333752682142350E-017
   11.4375000000000       1.165128942097755E-002 -3.301532314486131E-018
   11.4687500000000       1.155398286311206E-002  2.131034650701641E-018
   11.5000000000000       1.145886132268917E-002 -2.632073426549139E-018
   11.5312500000000       1.136569773908393E-002  6.433294593506544E-019
   11.5625000000000       1.127433079221139E-002 -1.423533948234520E-017
   11.5937500000000       1.118463836654655E-002  8.947756768112575E-018
   11.6250000000000       1.109652342799484E-002  1.414358107688509E-017
   11.6562500000000       1.100990591916097E-002 -1.881507676653746E-018
   11.6875000000000       1.092471781549418E-002 -9.404537958182186E-018
   11.7187500000000       1.084089996641847E-002 -1.409599003739860E-018
   11.7500000000000       1.075839998310667E-002 -1.019064668594813E-017
   11.7812500000000       1.067717078227318E-002 -3.751887165524911E-018
   11.8125000000000       1.059716954626446E-002 -1.172733483408449E-017
   11.8437500000000       1.051835696289451E-002  1.059432280320429E-017
   11.8750000000000       1.044069665557527E-002 -1.230621383812566E-017
   11.9062500000000       1.036415474584963E-002 -8.932175865039811E-018
   11.9375000000000       1.028869951204804E-002 -2.391493430286726E-019
   11.9687500000000       1.021430111821506E-002 -6.890329755584727E-018
   12.0000000000000       1.014093139400177E-002  3.318252002294032E-018
   13.0000000000000       9.360859748309327E-003  0.000000000000000E+000
   14.0000000000000       8.692226909144373E-003  0.000000000000000E+000
   15.0000000000000       8.112745115201415E-003  0.000000000000000E+000
   16.0000000000000       7.605698545501327E-003  0.000000000000000E+000
   17.0000000000000       7.158304513413014E-003  0.000000000000000E+000
   18.0000000000000       6.760620929334513E-003  0.000000000000000E+000
   19.0000000000000       6.404798775159012E-003  0.000000000000000E+000
   20.0000000000000       6.084558836401062E-003  0.000000000000000E+000
   21.0000000000000       5.794817939429583E-003  0.000000000000000E+000
   22.0000000000000       5.531417124000965E-003  0.000000000000000E+000
   23.0000000000000       5.290920727305271E-003  0.000000000000000E+000
   24.0000000000000       5.070465697000885E-003  0.000000000000000E+000
   25.0000000000000       4.867647069120850E-003  0.000000000000000E+000
   26.0000000000000       4.680429874154663E-003  0.000000000000000E+000
   27.0000000000000       4.507080619556342E-003  0.000000000000000E+000
   28.0000000000000       4.346113454572187E-003  0.000000000000000E+000
   29.0000000000000       4.196247473380043E-003  0.000000000000000E+000
   30.0000000000000       4.056372557600708E-003  0.000000000000000E+000
   31.0000000000000       3.925521829936169E-003  0.000000000000000E+000
   32.0000000000000       3.802849272750664E-003  0.000000000000000E+000
   33.0000000000000       3.687611416000644E-003  0.000000000000000E+000
   34.0000000000000       3.579152256706507E-003  0.000000000000000E+000
   35.0000000000000       3.476890763657750E-003  0.000000000000000E+000
   36.0000000000000       3.380310464667257E-003  0.000000000000000E+000
   37.0000000000000       3.288950722378952E-003  0.000000000000000E+000
   38.0000000000000       3.202399387579506E-003  0.000000000000000E+000
   39.0000000000000       3.120286582769775E-003  0.000000000000000E+000
   40.0000000000000       3.042279418200531E-003  0.000000000000000E+000
   41.0000000000000       2.968077481171250E-003  0.000000000000000E+000
   42.0000000000000       2.897408969714791E-003  0.000000000000000E+000
   43.0000000000000       2.830027365767936E-003  0.000000000000000E+000
   44.0000000000000       2.765708562000483E-003  0.000000000000000E+000
   45.0000000000000       2.704248371733805E-003  0.000000000000000E+000
   46.0000000000000       2.645460363652635E-003  0.000000000000000E+000
   47.0000000000000       2.589173972936622E-003  0.000000000000000E+000
   48.0000000000000       2.535232848500442E-003  0.000000000000000E+000
   49.0000000000000       2.483493402612678E-003  0.000000000000000E+000
   50.0000000000000       2.433823534560425E-003  0.000000000000000E+000
   51.0000000000000       2.386101504471005E-003  0.000000000000000E+000
   52.0000000000000       2.340214937077332E-003  0.000000000000000E+000
   53.0000000000000       2.296059938264552E-003  0.000000000000000E+000
   54.0000000000000       2.253540309778171E-003  0.000000000000000E+000
   55.0000000000000       2.212566849600386E-003  0.000000000000000E+000
   56.0000000000000       2.173056727286093E-003  0.000000000000000E+000
   57.0000000000000       2.134932925053004E-003  0.000000000000000E+000
   58.0000000000000       2.098123736690021E-003  0.000000000000000E+000
   59.0000000000000       2.062562317424089E-003  0.000000000000000E+000
   60.0000000000000       2.028186278800354E-003  0.000000000000000E+000
   61.0000000000000       1.994937323410184E-003  0.000000000000000E+000
   62.0000000000000       1.962760914968084E-003  0.000000000000000E+000
   63.0000000000000       1.931605979809861E-003  0.000000000000000E+000
   64.0000000000000       1.901424636375332E-003  0.000000000000000E+000
   65.0000000000000       1.872171949661865E-003  0.000000000000000E+000
   66.0000000000000       1.843805708000322E-003  0.000000000000000E+000
   67.0000000000000       1.816286219821213E-003  0.000000000000000E+000
   68.0000000000000       1.789576128353254E-003  0.000000000000000E+000
   69.0000000000000       1.763640242435090E-003  0.000000000000000E+000
   70.0000000000000       1.738445381828875E-003  0.000000000000000E+000
   71.0000000000000       1.713960235605933E-003  0.000000000000000E+000
   72.0000000000000       1.690155232333628E-003  0.000000000000000E+000
   73.0000000000000       1.667002420931798E-003  0.000000000000000E+000
   74.0000000000000       1.644475361189476E-003  0.000000000000000E+000
   75.0000000000000       1.622549023040283E-003  0.000000000000000E+000
   76.0000000000000       1.601199693789753E-003  0.000000000000000E+000
   77.0000000000000       1.580404892571704E-003  0.000000000000000E+000
   78.0000000000000       1.560143291384888E-003  0.000000000000000E+000
   79.0000000000000       1.540394642126851E-003  0.000000000000000E+000
   80.0000000000000       1.521139709100265E-003  0.000000000000000E+000
   81.0000000000000       1.502360206518781E-003  0.000000000000000E+000
   82.0000000000000       1.484038740585625E-003  0.000000000000000E+000
   83.0000000000000       1.466158755759292E-003  0.000000000000000E+000
   84.0000000000000       1.448704484857396E-003  0.000000000000000E+000
   85.0000000000000       1.431660902682603E-003  0.000000000000000E+000
   86.0000000000000       1.415013682883968E-003  0.000000000000000E+000
   87.0000000000000       1.398749157793348E-003  0.000000000000000E+000
   88.0000000000000       1.382854281000241E-003  0.000000000000000E+000
   89.0000000000000       1.367316592449677E-003  0.000000000000000E+000
   90.0000000000000       1.352124185866903E-003  0.000000000000000E+000
   91.0000000000000       1.337265678329904E-003  0.000000000000000E+000
   92.0000000000000       1.322730181826318E-003  0.000000000000000E+000
   93.0000000000000       1.308507276645390E-003  0.000000000000000E+000
   94.0000000000000       1.294586986468311E-003  0.000000000000000E+000
   95.0000000000000       1.280959755031802E-003  0.000000000000000E+000
   96.0000000000000       1.267616424250221E-003  0.000000000000000E+000
   97.0000000000000       1.254548213690941E-003  0.000000000000000E+000
   98.0000000000000       1.241746701306339E-003  0.000000000000000E+000
   99.0000000000000       1.229203805333548E-003  0.000000000000000E+000
   100.000000000000       1.216911767280212E-003  0.000000000000000E+000
   101.000000000000       1.204863135921002E-003  0.000000000000000E+000
   102.000000000000       1.193050752235502E-003  0.000000000000000E+000
   103.000000000000       1.181467735223507E-003  0.000000000000000E+000
   104.000000000000       1.170107468538666E-003  0.000000000000000E+000
   105.000000000000       1.158963587885917E-003  0.000000000000000E+000
   106.000000000000       1.148029969132276E-003  0.000000000000000E+000
   107.000000000000       1.137300717084311E-003  0.000000000000000E+000
   108.000000000000       1.126770154889086E-003  0.000000000000000E+000
   109.000000000000       1.116432814018543E-003  0.000000000000000E+000
   110.000000000000       1.106283424800193E-003  0.000000000000000E+000
   111.000000000000       1.096316907459651E-003  0.000000000000000E+000
   112.000000000000       1.086528363643047E-003  0.000000000000000E+000
   113.000000000000       1.076913068389568E-003  0.000000000000000E+000
   114.000000000000       1.067466462526502E-003  0.000000000000000E+000
   115.000000000000       1.058184145461054E-003  0.000000000000000E+000
   116.000000000000       1.049061868345011E-003  0.000000000000000E+000
   117.000000000000       1.040095527589925E-003  0.000000000000000E+000
   118.000000000000       1.031281158712044E-003  0.000000000000000E+000
   119.000000000000       1.022614930487574E-003  0.000000000000000E+000
   120.000000000000       1.014093139400177E-003  0.000000000000000E+000
   121.000000000000       1.005712204363812E-003  0.000000000000000E+000
   122.000000000000       9.974686617050920E-004  0.000000000000000E+000
   123.000000000000       9.893591603904166E-004  0.000000000000000E+000
   124.000000000000       9.813804574840422E-004  0.000000000000000E+000
   125.000000000000       9.735294138241699E-004  0.000000000000000E+000
   126.000000000000       9.658029899049305E-004  0.000000000000000E+000
   127.000000000000       9.581982419529231E-004  0.000000000000000E+000
   128.000000000000       9.507123181876659E-004  0.000000000000000E+000
   129.000000000000       9.433424552559785E-004  0.000000000000000E+000
   130.000000000000       9.360859748309326E-004  0.000000000000000E+000
   131.000000000000       9.289402803665743E-004  0.000000000000000E+000
   132.000000000000       9.219028540001609E-004  0.000000000000000E+000
   133.000000000000       9.149712535941447E-004  0.000000000000000E+000
   134.000000000000       9.081431099106063E-004  0.000000000000000E+000
   135.000000000000       9.014161239112684E-004  0.000000000000000E+000
   136.000000000000       8.947880641766268E-004  0.000000000000000E+000
   137.000000000000       8.882567644381113E-004  0.000000000000000E+000
   138.000000000000       8.818201212175452E-004  0.000000000000000E+000
   139.000000000000       8.754760915684982E-004  0.000000000000000E+000
   140.000000000000       8.692226909144374E-004  0.000000000000000E+000
   141.000000000000       8.630579909788740E-004  0.000000000000000E+000
   142.000000000000       8.569801178029665E-004  0.000000000000000E+000
   143.000000000000       8.509872498463024E-004  0.000000000000000E+000
   144.000000000000       8.450776161668141E-004  0.000000000000000E+000
   145.000000000000       8.392494946760085E-004  0.000000000000000E+000
   146.000000000000       8.335012104658989E-004  0.000000000000000E+000
   147.000000000000       8.278311342042261E-004  0.000000000000000E+000
   148.000000000000       8.222376805947381E-004  0.000000000000000E+000
   149.000000000000       8.167193068994714E-004  0.000000000000000E+000
   150.000000000000       8.112745115201416E-004  0.000000000000000E+000
   151.000000000000       8.059018326359022E-004  0.000000000000000E+000
   152.000000000000       8.005998468948765E-004  0.000000000000000E+000
   153.000000000000       7.953671681570015E-004  0.000000000000000E+000
   154.000000000000       7.902024462858522E-004  0.000000000000000E+000
   155.000000000000       7.851043659872338E-004  0.000000000000000E+000
   156.000000000000       7.800716456924439E-004  0.000000000000000E+000
   157.000000000000       7.751030364842117E-004  0.000000000000000E+000
   158.000000000000       7.701973210634255E-004  0.000000000000000E+000
   159.000000000000       7.653533127548505E-004  0.000000000000000E+000
   160.000000000000       7.605698545501327E-004  0.000000000000000E+000
   161.000000000000       7.558458181864674E-004  0.000000000000000E+000
   162.000000000000       7.511801032593904E-004  0.000000000000000E+000
   163.000000000000       7.465716363682284E-004  0.000000000000000E+000
   164.000000000000       7.420193702928125E-004  0.000000000000000E+000
   165.000000000000       7.375222832001287E-004  0.000000000000000E+000
   166.000000000000       7.330793778796461E-004  0.000000000000000E+000
   167.000000000000       7.286896810061152E-004  0.000000000000000E+000
   168.000000000000       7.243522424286978E-004  0.000000000000000E+000
   169.000000000000       7.200661344853328E-004  0.000000000000000E+000
   170.000000000000       7.158304513413014E-004  0.000000000000000E+000
   171.000000000000       7.116443083510014E-004  0.000000000000000E+000
   172.000000000000       7.075068414419839E-004  0.000000000000000E+000
   173.000000000000       7.034172065203540E-004  0.000000000000000E+000
   174.000000000000       6.993745788966738E-004  0.000000000000000E+000
   175.000000000000       6.953781527315499E-004  0.000000000000000E+000
   176.000000000000       6.914271405001206E-004  0.000000000000000E+000
   177.000000000000       6.875207724746962E-004  0.000000000000000E+000
   178.000000000000       6.836582962248385E-004  0.000000000000000E+000
   179.000000000000       6.798389761341969E-004  0.000000000000000E+000
   180.000000000000       6.760620929334514E-004  0.000000000000000E+000
   181.000000000000       6.723269432487362E-004  0.000000000000000E+000
   182.000000000000       6.686328391649519E-004  0.000000000000000E+000
   183.000000000000       6.649791078033948E-004  0.000000000000000E+000
   184.000000000000       6.613650909131589E-004  0.000000000000000E+000
   185.000000000000       6.577901444757905E-004  0.000000000000000E+000
   186.000000000000       6.542536383226949E-004  0.000000000000000E+000
   187.000000000000       6.507549557648194E-004  0.000000000000000E+000
   188.000000000000       6.472934932341555E-004  0.000000000000000E+000
   189.000000000000       6.438686599366203E-004  0.000000000000000E+000
   190.000000000000       6.404798775159012E-004  0.000000000000000E+000
   191.000000000000       6.371265797278599E-004  0.000000000000000E+000
   192.000000000000       6.338082121251106E-004  0.000000000000000E+000
   193.000000000000       6.305242317514054E-004  0.000000000000000E+000
   194.000000000000       6.272741068454703E-004  0.000000000000000E+000
   195.000000000000       6.240573165539551E-004  0.000000000000000E+000
   196.000000000000       6.208733506531696E-004  0.000000000000000E+000
   197.000000000000       6.177217092792957E-004  0.000000000000000E+000
   198.000000000000       6.146019026667739E-004  0.000000000000000E+000
   199.000000000000       6.115134508945791E-004  0.000000000000000E+000
   200.000000000000       6.084558836401062E-004  0.000000000000000E+000
   201.000000000000       6.054287399404042E-004  0.000000000000000E+000
   202.000000000000       6.024315679605012E-004  0.000000000000000E+000
   203.000000000000       5.994639247685775E-004  0.000000000000000E+000
   204.000000000000       5.965253761177512E-004  0.000000000000000E+000
   205.000000000000       5.936154962342499E-004  0.000000000000000E+000
   206.000000000000       5.907338676117536E-004  0.000000000000000E+000
   207.000000000000       5.878800808116968E-004  0.000000000000000E+000
   208.000000000000       5.850537342693329E-004  0.000000000000000E+000
   209.000000000000       5.822544341053648E-004  0.000000000000000E+000
   210.000000000000       5.794817939429583E-004  0.000000000000000E+000
   211.000000000000       5.767354347299585E-004  0.000000000000000E+000
   212.000000000000       5.740149845661379E-004  0.000000000000000E+000
   213.000000000000       5.713200785353110E-004  0.000000000000000E+000
   214.000000000000       5.686503585421554E-004  0.000000000000000E+000
   215.000000000000       5.660054731535871E-004  0.000000000000000E+000
   216.000000000000       5.633850774445428E-004  0.000000000000000E+000
   217.000000000000       5.607888328480242E-004  0.000000000000000E+000
   218.000000000000       5.582164070092717E-004  0.000000000000000E+000
   219.000000000000       5.556674736439326E-004  0.000000000000000E+000
   220.000000000000       5.531417124000965E-004  0.000000000000000E+000
   221.000000000000       5.506388087240780E-004  0.000000000000000E+000
   222.000000000000       5.481584537298254E-004  0.000000000000000E+000
   223.000000000000       5.457003440718441E-004  0.000000000000000E+000
   224.000000000000       5.432641818215233E-004  0.000000000000000E+000
   225.000000000000       5.408496743467611E-004  0.000000000000000E+000
   226.000000000000       5.384565341947842E-004  0.000000000000000E+000
   227.000000000000       5.360844789780671E-004  0.000000000000000E+000
   228.000000000000       5.337332312632511E-004  0.000000000000000E+000
   229.000000000000       5.314025184629749E-004  0.000000000000000E+000
   230.000000000000       5.290920727305271E-004  0.000000000000000E+000
   231.000000000000       5.268016308572348E-004  0.000000000000000E+000
   232.000000000000       5.245309341725054E-004  0.000000000000000E+000
   233.000000000000       5.222797284464431E-004  0.000000000000000E+000
   234.000000000000       5.200477637949625E-004  0.000000000000000E+000
   235.000000000000       5.178347945873244E-004  0.000000000000000E+000
   236.000000000000       5.156405793560222E-004  0.000000000000000E+000
   237.000000000000       5.134648807089504E-004  0.000000000000000E+000
   238.000000000000       5.113074652437868E-004  0.000000000000000E+000
   239.000000000000       5.091681034645240E-004  0.000000000000000E+000
   240.000000000000       5.070465697000885E-004  0.000000000000000E+000
   241.000000000000       5.049426420249844E-004  0.000000000000000E+000
   242.000000000000       5.028561021819059E-004  0.000000000000000E+000
   243.000000000000       5.007867355062602E-004  0.000000000000000E+000
   244.000000000000       4.987343308525460E-004  0.000000000000000E+000
   245.000000000000       4.966986805225356E-004  0.000000000000000E+000
   246.000000000000       4.946795801952083E-004  0.000000000000000E+000
   247.000000000000       4.926768288583856E-004  0.000000000000000E+000
   248.000000000000       4.906902287420211E-004  0.000000000000000E+000
   249.000000000000       4.887195852530974E-004  0.000000000000000E+000
   250.000000000000       4.867647069120850E-004  0.000000000000000E+000
   251.000000000000       4.848254052909212E-004  0.000000000000000E+000
   252.000000000000       4.829014949524652E-004  0.000000000000000E+000
   253.000000000000       4.809927933913883E-004  0.000000000000000E+000
   254.000000000000       4.790991209764616E-004  0.000000000000000E+000
   255.000000000000       4.772203008942009E-004  0.000000000000000E+000
   256.000000000000       4.753561590938330E-004  0.000000000000000E+000
   257.000000000000       4.735065242335457E-004  0.000000000000000E+000
   258.000000000000       4.716712276279893E-004  0.000000000000000E+000
   259.000000000000       4.698501031969932E-004  0.000000000000000E+000
   260.000000000000       4.680429874154663E-004  0.000000000000000E+000
   261.000000000000       4.662497192644492E-004  0.000000000000000E+000
   262.000000000000       4.644701401832872E-004  0.000000000000000E+000
   263.000000000000       4.627040940228944E-004  0.000000000000000E+000
   264.000000000000       4.609514270000804E-004  0.000000000000000E+000
   265.000000000000       4.592119876529104E-004  0.000000000000000E+000
   266.000000000000       4.574856267970723E-004  0.000000000000000E+000
   267.000000000000       4.557721974832256E-004  0.000000000000000E+000
   268.000000000000       4.540715549553031E-004  0.000000000000000E+000
   269.000000000000       4.523835566097444E-004  0.000000000000000E+000
   270.000000000000       4.507080619556342E-004  0.000000000000000E+000
   271.000000000000       4.490449325757241E-004  0.000000000000000E+000
   272.000000000000       4.473940320883134E-004  0.000000000000000E+000
   273.000000000000       4.457552261099679E-004  0.000000000000000E+000
   274.000000000000       4.441283822190556E-004  0.000000000000000E+000
   275.000000000000       4.425133699200772E-004  0.000000000000000E+000
   276.000000000000       4.409100606087726E-004  0.000000000000000E+000
   277.000000000000       4.393183275379828E-004  0.000000000000000E+000
   278.000000000000       4.377380457842491E-004  0.000000000000000E+000
   279.000000000000       4.361690922151299E-004  0.000000000000000E+000
   280.000000000000       4.346113454572187E-004  0.000000000000000E+000
   281.000000000000       4.330646858648443E-004  0.000000000000000E+000
   282.000000000000       4.315289954894370E-004  0.000000000000000E+000
   283.000000000000       4.300041580495450E-004  0.000000000000000E+000
   284.000000000000       4.284900589014833E-004  0.000000000000000E+000
   285.000000000000       4.269865850106009E-004  0.000000000000000E+000
   286.000000000000       4.254936249231512E-004  0.000000000000000E+000
   287.000000000000       4.240110687387500E-004  0.000000000000000E+000
   288.000000000000       4.225388080834071E-004  0.000000000000000E+000
   289.000000000000       4.210767360831185E-004  0.000000000000000E+000
   290.000000000000       4.196247473380043E-004  0.000000000000000E+000
   291.000000000000       4.181827378969802E-004  0.000000000000000E+000
   292.000000000000       4.167506052329494E-004  0.000000000000000E+000
   293.000000000000       4.153282482185025E-004  0.000000000000000E+000
   294.000000000000       4.139155671021130E-004  0.000000000000000E+000
   295.000000000000       4.125124634848178E-004  0.000000000000000E+000
   296.000000000000       4.111188402973690E-004  0.000000000000000E+000
   297.000000000000       4.097346017778493E-004  0.000000000000000E+000
   298.000000000000       4.083596534497357E-004  0.000000000000000E+000
   299.000000000000       4.069939021004055E-004  0.000000000000000E+000
   300.000000000000       4.056372557600708E-004  0.000000000000000E+000
   301.000000000000       4.042896236811337E-004  0.000000000000000E+000
   302.000000000000       4.029509163179511E-004  0.000000000000000E+000
   303.000000000000       4.016210453070008E-004  0.000000000000000E+000
   304.000000000000       4.002999234474383E-004  0.000000000000000E+000
   305.000000000000       3.989874646820368E-004  0.000000000000000E+000
   306.000000000000       3.976835840785008E-004  0.000000000000000E+000
   307.000000000000       3.963881978111441E-004  0.000000000000000E+000
   308.000000000000       3.951012231429261E-004  0.000000000000000E+000
   309.000000000000       3.938225784078357E-004  0.000000000000000E+000
   310.000000000000       3.925521829936169E-004  0.000000000000000E+000
   311.000000000000       3.912899573248271E-004  0.000000000000000E+000
   312.000000000000       3.900358228462219E-004  0.000000000000000E+000
