  0.000000000000000E+000  -2.33583872534155       3.430258310610353E-017
  7.812500000000000E-003  -2.33686772324987      -6.312760259820167E-003
  1.562500000000000E-002  -2.34013550918404      -1.219632501004578E-002
  2.343750000000000E-002  -2.35545424594535      -2.031671560847363E-002
  3.125000000000000E-002  -2.31689978352802      -6.499682487096656E-002
  3.906250000000000E-002  -2.33423044446978      -3.934093608065171E-002
  4.687500000000000E-002  -2.34377241981217      -4.932351972439236E-002
  5.468750000000000E-002  -2.35109072517879      -5.874822017945662E-002
  6.250000000000000E-002  -2.36161209711512      -7.347265618347053E-002
  7.031250000000000E-002  -2.36971990307181      -0.100746712244227     
  7.812500000000000E-002  -2.36220416636140      -0.131675453119171     
  8.593750000000000E-002  -2.33740850302921      -0.126969148745675     
  9.375000000000000E-002  -2.35303488076450      -0.130821666430166     
  0.101562500000000       -2.36300908811247      -0.150608483042328     
  0.109375000000000       -2.37832333139664      -0.179058281451052     
  0.117187500000000       -2.37968070697254      -0.238978122480561     
  0.125000000000000       -2.32628093504275      -0.323500554441622     
  0.132812500000000       -2.23389210189106      -0.327933021719389     
  0.140625000000000       -2.09800972307104      -0.259771969039084     
  0.148437500000000       -2.16545728604924      -0.145428391159516     
  0.156250000000000       -2.20570770546171      -0.133247346658986     
  0.164062500000000       -2.22675215647201      -0.131378175672296     
  0.171875000000000       -2.24067840156272      -0.124429127982789     
  0.179687500000000       -2.26848715214285      -0.114768966333462     
  0.187500000000000       -2.29297617496825      -0.123718968202133     
  0.195312500000000       -2.31357273359098      -0.132731839016372     
  0.203125000000000       -2.33078396835117      -0.149371789898418     
  0.210937500000000       -2.34014480526847      -0.163069342300170     
  0.218750000000000       -2.35089919951504      -0.163500326800137     
  0.226562500000000       -2.37663575812112      -0.168555694979728     
  0.234375000000000       -2.41683906463207      -0.182506576758639     
  0.242187500000000       -2.42298533352531      -0.229999334792678     
  0.250000000000000       -2.44083164221283      -0.238986541420087     
  0.257812500000000       -2.49096050421248      -0.271266108657055     
  0.265625000000000       -2.48267768848492      -0.340641165539313     
  0.273437500000000       -2.47561012136646      -0.374335001623272     
  0.281250000000000       -2.47351882904748      -0.412965844126945     
  0.289062500000000       -2.46968611036358      -0.438284466713489     
  0.296875000000000       -2.47508886727098      -0.474499754978025     
  0.304687500000000       -2.47701415281381      -0.520728338064461     
  0.312500000000000       -2.47376457150281      -0.573849071026036     
  0.320312500000000       -2.46233804779061      -0.641057830659029     
  0.328125000000000       -2.42202322944367      -0.725528964129474     
  0.335937500000000       -2.33894552224132      -0.774644957757803     
  0.343750000000000       -2.25857359074119      -0.812628362555527     
  0.351562500000000       -2.14127567859785      -0.828605276790220     
  0.359375000000000       -2.02058275073196      -0.712202145275478     
  0.367187500000000       -2.05277229856610      -0.628439388962534     
  0.375000000000000       -2.08993235254301      -0.597357820713822     
  0.382812500000000       -2.13335195186613      -0.594142192132951     
  0.390625000000000       -2.15916655363335      -0.645017914334284     
  0.398437500000000       -2.14657574099672      -0.689868034042376     
  0.406250000000000       -2.11747568989633      -0.731040244994651     
  0.414062500000000       -2.06990640816969      -0.765171729731645     
  0.421875000000000       -2.01128825785580      -0.781969329790438     
  0.429687500000000       -1.94359717835518      -0.784109713862099     
  0.437500000000000       -1.86875047343419      -0.760757496712275     
  0.445312500000000       -1.80638053700532      -0.686082584454555     
  0.453125000000000       -1.81432552829191      -0.633070256694036     
  0.460937500000000       -1.81232514092491      -0.601431878618457     
  0.468750000000000       -1.80684819568969      -0.571112459275281     
  0.476562500000000       -1.80536849392072      -0.533145658518298     
  0.484375000000000       -1.82669021259871      -0.508466733092019     
  0.492187500000000       -1.83860084340311      -0.499339256035534     
  0.500000000000000       -1.84154301472776      -0.495931762581743     
  0.507812500000000       -1.83020715826390      -0.490924608772343     
  0.515625000000000       -1.81948195535875      -0.463398344095810     
  0.523437500000000       -1.81940658283155      -0.439852364049027     
  0.531250000000000       -1.81870445418452      -0.413689703198442     
  0.539062500000000       -1.82051858891348      -0.378663438816042     
  0.546875000000000       -1.84124441461205      -0.322833244865394     
  0.554687500000000       -1.89648956854222      -0.308069796208478     
  0.562500000000000       -1.93264003966048      -0.306991115340910     
  0.570312500000000       -1.96146031929424      -0.308273793883227     
  0.578125000000000       -1.98734588533941      -0.309226311185855     
  0.585937500000000       -2.01824466659135      -0.310545970035630     
  0.593750000000000       -2.04522105057661      -0.323089197793274     
  0.601562500000000       -2.06691434270208      -0.336047676285350     
  0.609375000000000       -2.08635642321842      -0.349088977088303     
  0.617187500000000       -2.10522736903817      -0.362753380444402     
  0.625000000000000       -2.12420829944530      -0.382221589119397     
  0.632812500000000       -2.13351257206050      -0.401373928788500     
  0.640625000000000       -2.14116253368318      -0.417393731916187     
  0.648437500000000       -2.14771398002264      -0.431543632458004     
  0.656250000000000       -2.15335646168941      -0.443719459293060     
  0.664062500000000       -2.15822174244246      -0.451751922944839     
  0.671875000000000       -2.17185902192696      -0.458706706353553     
  0.679687500000000       -2.18537480238001      -0.469996193753988     
  0.687500000000000       -2.19925736582998      -0.482479246952075     
  0.695312500000000       -2.21473241122241      -0.495939416315644     
  0.703125000000000       -2.23435476699887      -0.511513980992885     
  0.710937500000000       -2.25792829386778      -0.543328417200818     
  0.718750000000000       -2.26407855655454      -0.577741985709017     
  0.726562500000000       -2.26534034755974      -0.609355474032374     
  0.734375000000000       -2.26254717347632      -0.639279110313413     
  0.742187500000000       -2.25570606292909      -0.666942580448271     
  0.750000000000000       -2.24495837774911      -0.690442193610164     
  0.757812500000000       -2.23733497049889      -0.705813281431554     
  0.765625000000000       -2.23336576597396      -0.725624236866658     
  0.773437500000000       -2.22706237177740      -0.747656341440709     
  0.781250000000000       -2.21689426007078      -0.770777969926041     
  0.789062500000000       -2.20057617097388      -0.793514574039876     
  0.796875000000000       -2.17386337362147      -0.811637934199177     
  0.804687500000000       -2.14411472183007      -0.800130489422433     
  0.812500000000000       -2.14163062878713      -0.789897333468901     
  0.820312500000000       -2.14430549791532      -0.786452667331600     
  0.828125000000000       -2.14940412650814      -0.786897174069522     
  0.835937500000000       -2.15605668313235      -0.789889927539049     
  0.843750000000000       -2.16394546268797      -0.794082325296307     
  0.851562500000000       -2.18008542818932      -0.793178502950439     
  0.859375000000000       -2.20598423932207      -0.818443878298063     
  0.867187500000000       -2.21135733062959      -0.852443859588090     
  0.875000000000000       -2.20566539266024      -0.878998050672958     
  0.882812500000000       -2.19755690479331      -0.898619536196076     
  0.890625000000000       -2.18916711748719      -0.912799352449066     
  0.898437500000000       -2.18183779115125      -0.920392472584985     
  0.906250000000000       -2.18721624428055      -0.917612579650163     
  0.914062500000000       -2.20351355357391      -0.929025229107502     
  0.921875000000000       -2.21906776846073      -0.946701835731328     
  0.929687500000000       -2.23473933651889      -0.968786332904823     
  0.937500000000000       -2.25094019591578      -0.995202808854572     
  0.945312500000000       -2.26804686253430       -1.02660345345762     
  0.953125000000000       -2.28688141558536       -1.06467252188645     
  0.960937500000000       -2.30570343490937       -1.12070903753696     
  0.968750000000000       -2.30466754326749       -1.18103610152746     
  0.976562500000000       -2.29726579544595       -1.24116347577937     
  0.984375000000000       -2.28319845084653       -1.30385016201749     
  0.992187500000000       -2.26050092210153       -1.36996194371304     
   1.00000000000000       -2.22574946612559       -1.43930289127925     
   1.00781250000000       -2.17309667318927       -1.50970196066216     
   1.01562500000000       -2.08847799286816       -1.57174675231497     
   1.02343750000000       -2.00787842801217       -1.57594073437269     
   1.03125000000000       -1.95141060842209       -1.58511331053080     
   1.03906250000000       -1.89840415666309       -1.59661936684221     
   1.04687500000000       -1.84461914190021       -1.60826754681747     
   1.05468750000000       -1.78783209761391       -1.61783410018578     
   1.06250000000000       -1.72680205154510       -1.62236397937484     
   1.07031250000000       -1.66136607159815       -1.61711204975959     
   1.07812500000000       -1.59897040437560       -1.58690804602869     
   1.08593750000000       -1.56789169402838       -1.56411408432731     
   1.09375000000000       -1.53415968088025       -1.55136991075723     
   1.10156250000000       -1.49736410185527       -1.54094086476931     
   1.10937500000000       -1.45733854789381       -1.52986646066316     
   1.11718750000000       -1.41407668169279       -1.51587664366407     
   1.12500000000000       -1.36779504674391       -1.49655141665150     
   1.13281250000000       -1.31909500204233       -1.46850486547454     
   1.14062500000000       -1.26903778332813       -1.42258966191629     
   1.14843750000000       -1.25455829362378       -1.36628855860516     
   1.15625000000000       -1.24531055931184       -1.32636928793980     
   1.16406250000000       -1.23760715122093       -1.29162079685336     
   1.17187500000000       -1.23113776921472       -1.25956464385830     
   1.17968750000000       -1.22595215848486       -1.22890222715359     
   1.18750000000000       -1.22232002383930       -1.19872027469781     
   1.19531250000000       -1.22079644954629       -1.16814867905702     
   1.20312500000000       -1.22267947167258       -1.13580492676518     
   1.21093750000000       -1.23817129021581       -1.10193227392281     
   1.21875000000000       -1.25647899718748       -1.08527838291597     
   1.22656250000000       -1.27065945550942       -1.07359582234619     
   1.23437500000000       -1.28247534981072       -1.06466424127715     
   1.24218750000000       -1.29266849254705       -1.05764461448349     
   1.25000000000000       -1.30170771744464       -1.05211484703374     
   1.25781250000000       -1.30994728647193       -1.04787831171261     
   1.26562500000000       -1.31768028495552       -1.04491333325354     
   1.27343750000000       -1.32523103168923       -1.04338908072266     
   1.28125000000000       -1.33267722562322       -1.04531036678860     
   1.28906250000000       -1.33600001258679       -1.04861589222851     
   1.29687500000000       -1.33755916736608       -1.05154554806859     
   1.30468750000000       -1.33791023853098       -1.05423735511370     
   1.31250000000000       -1.33735485052887       -1.05670074414628     
   1.32031250000000       -1.33614388375172       -1.05893352427381     
   1.32812500000000       -1.33454618384119       -1.06096640687643     
   1.33593750000000       -1.33290762102700       -1.06293288588652     
   1.34375000000000       -1.33175905943804       -1.06526591987437     
   1.35156250000000       -1.33232875978935       -1.06998103212275     
   1.35937500000000       -1.32575175955472       -1.07967251801572     
   1.36718750000000       -1.31618341630639       -1.08484196415956     
   1.37500000000000       -1.30556858448951       -1.08789133684449     
   1.38281250000000       -1.29417518000196       -1.08913068128761     
   1.39062500000000       -1.28218595798255       -1.08857775854612     
   1.39843750000000       -1.26977280942704       -1.08610780635313     
   1.40625000000000       -1.25713546806181       -1.08145544138831     
   1.41406250000000       -1.24457476753628       -1.07411155398189     
   1.42187500000000       -1.23281606118754       -1.06303246532551     
   1.42968750000000       -1.22454894852328       -1.04516287842360     
   1.43750000000000       -1.23013319407847       -1.03293091550830     
   1.44531250000000       -1.23237438667714       -1.02678360168032     
   1.45312500000000       -1.23315763424091       -1.02211998949239     
   1.46093750000000       -1.23304618163039       -1.01804094720468     
   1.46875000000000       -1.23238077439979       -1.01411322152296     
   1.47656250000000       -1.23143650321177       -1.01007554294708     
   1.48437500000000       -1.23048265065048       -1.00575065044302     
   1.49218750000000       -1.22983015496315       -1.00100939790185     
   1.50000000000000       -1.22991455896129      -0.995750613555632     
   1.50781250000000       -1.23161003838400      -0.989862047801133     
   1.51562500000000       -1.23758963140192      -0.986533127215758     
   1.52343750000000       -1.24090147186613      -0.987211531642882     
   1.53125000000000       -1.24255773229033      -0.988252596170160     
   1.53906250000000       -1.24321380977607      -0.989361851111215     
   1.54687500000000       -1.24317182956089      -0.990401868227290     
   1.55468750000000       -1.24263308125355      -0.991287031975829     
   1.56250000000000       -1.24176327140753      -0.991958150295869     
   1.57031250000000       -1.24072313392359      -0.992375570689957     
   1.57812500000000       -1.23969378596953      -0.992521972857556     
   1.58593750000000       -1.23891752511021      -0.992419481441517     
   1.59375000000000       -1.23883913895860      -0.992205622607790     
   1.60156250000000       -1.23971877503100      -0.993653115347022     
   1.60937500000000       -1.23904155746498      -0.995847799685243     
   1.61718750000000       -1.23771464578840      -0.997904523245322     
   1.62500000000000       -1.23596480816631      -0.999794530144114     
   1.63281250000000       -1.23390437976240       -1.00148739022133     
   1.64062500000000       -1.23161032019759       -1.00295039419095     
   1.64843750000000       -1.22914484578486       -1.00414363261280     
   1.65625000000000       -1.22656414510876       -1.00501146206999     
   1.66406250000000       -1.22392449688191       -1.00546428639024     
   1.67187500000000       -1.22129314192089       -1.00533154183873     
   1.67968750000000       -1.21879246631451       -1.00420062226686     
   1.68750000000000       -1.21771478216577      -0.999921254652226     
   1.69531250000000       -1.22228839894262      -0.999058112555020     
   1.70312500000000       -1.22588805731123       -1.00090181233455     
   1.71093750000000       -1.22899821259218       -1.00407981136986     
   1.71875000000000       -1.23177479725900       -1.00828752456976     
   1.72656250000000       -1.23431163096423       -1.01343494663925     
   1.73437500000000       -1.23667985230560       -1.01953649396578     
   1.74218750000000       -1.23894243967138       -1.02668903263713     
   1.75000000000000       -1.24116302982525       -1.03508493499644     
   1.75781250000000       -1.24341496838488       -1.04506343384258     
   1.76562500000000       -1.24579644579888       -1.05724986389757     
   1.77343750000000       -1.24846917215987       -1.07302490408553     
   1.78125000000000       -1.25171670528331       -1.09920640472967     
   1.78906250000000       -1.23208399016848       -1.12623491369369     
   1.79687500000000       -1.21114949571283       -1.14372494615645     
   1.80468750000000       -1.18897963078998       -1.15711785723896     
   1.81250000000000       -1.16562444581490       -1.16733031882606     
   1.82031250000000       -1.14115153602030       -1.17462217441110     
   1.82812500000000       -1.11565728389708       -1.17899038389914     
   1.83593750000000       -1.08927915042744       -1.18027753026831     
   1.84375000000000       -1.06221221004621       -1.17820275859788     
   1.85156250000000       -1.03473456716227       -1.17235284913091     
   1.85937500000000       -1.00725298175711       -1.16212483203665     
   1.86718750000000      -0.980405743130574       -1.14654506302321     
   1.87500000000000      -0.955413339732770       -1.12352055682020     
   1.88281250000000      -0.944348355953807       -1.08740668549825     
   1.89062500000000      -0.947023548090443       -1.06710809744058     
   1.89843750000000      -0.947642707618368       -1.05267676454491     
   1.90625000000000      -0.947232355852390       -1.04086069121786     
   1.91406250000000      -0.946148697692047       -1.03055516624941     
   1.92187500000000      -0.944585265023553       -1.02118987248090     
   1.92968750000000      -0.942672521434215       -1.01241046828957     
   1.93750000000000      -0.940513669344456       -1.00396817389406     
   1.94531250000000      -0.938202673333116      -0.995669939593412     
   1.95312500000000      -0.935836989971423      -0.987350546501767     
   1.96093750000000      -0.933531173506387      -0.978851240751778     
   1.96875000000000      -0.931439742853862      -0.969991379097500     
   1.97656250000000      -0.929819603681696      -0.960491512585849     
   1.98437500000000      -0.929646323605188      -0.949180254321890     
   1.99218750000000      -0.933710439104012      -0.941167125251211     
   2.00000000000000      -0.936389756713435      -0.935261261577033     
   2.00781250000000      -0.938439336798939      -0.930179616481592     
   2.01562500000000      -0.940076029210930      -0.925615282740669     
   2.02343750000000      -0.941425859348963      -0.921424494428928     
   2.03125000000000      -0.942579371162326      -0.917530226340133     
   2.03906250000000      -0.943610016800869      -0.913893139607173     
   2.04687500000000      -0.944582683105142      -0.910501156438110     
   2.05468750000000      -0.945558794732143      -0.907367186359878     
   2.06250000000000      -0.946600420721325      -0.904533017134671     
   2.07031250000000      -0.947775096769602      -0.902082124406463     
   2.07812500000000      -0.949164363102825      -0.900173904788154     
   2.08593750000000      -0.950887246628084      -0.899158280781351     
   2.09375000000000      -0.953124433421400      -0.900784132319204     
   2.10156250000000      -0.950417095371210      -0.903192556976945     
   2.10937500000000      -0.947179592309578      -0.903767434448303     
   2.11718750000000      -0.943666605769432      -0.903604164866344     
   2.12500000000000      -0.939959813835268      -0.902952964417128     
   2.13281250000000      -0.936106325347699      -0.901936802963377     
   2.14062500000000      -0.932138136464551      -0.900635307366253     
   2.14843750000000      -0.928078388832794      -0.899111263752226     
   2.15625000000000      -0.923943672994407      -0.897423181875693     
   2.16406250000000      -0.919744447590828      -0.895634051495984     
   2.17187500000000      -0.915483937382537      -0.893820571405360     
   2.17968750000000      -0.911154879208508      -0.892087022807398     
   2.18750000000000      -0.906731668646226      -0.890592536882446     
   2.19531250000000      -0.902148899060697      -0.889620675975819     
   2.20312500000000      -0.897215512379717      -0.889850445762252     
   2.21093750000000      -0.888287633141250      -0.893185292051908     
   2.21875000000000      -0.875441391591428      -0.891012890247215     
   2.22656250000000      -0.863233037351610      -0.886193054891794     
   2.23437500000000      -0.851468178176067      -0.879602706790794     
   2.24218750000000      -0.840132769435644      -0.871531966019467     
   2.25000000000000      -0.829258578449377      -0.862124199529715     
   2.25781250000000      -0.818898218824287      -0.851463509791920     
   2.26562500000000      -0.809117407607449      -0.839604797997874     
   2.27343750000000      -0.799992371910386      -0.826586744853322     
   2.28125000000000      -0.791609630140081      -0.812437904877458     
   2.28906250000000      -0.784067667297252      -0.797179104512926     
   2.29687500000000      -0.777481273215013      -0.780822790021898     
   2.30468750000000      -0.771991328783109      -0.763367904960816     
   2.31250000000000      -0.767789145019673      -0.744783946623271     
   2.32031250000000      -0.765195512827103      -0.724954030928729     
   2.32812500000000      -0.765272163971257      -0.703196004551609     
   2.33593750000000      -0.770314638961058      -0.684851111545998     
   2.34375000000000      -0.774042444971982      -0.668217232259061     
   2.35156250000000      -0.777748908802146      -0.651785419912545     
   2.35937500000000      -0.781755106266543      -0.635321829753119     
   2.36718750000000      -0.786236407036304      -0.618724852639852     
   2.37500000000000      -0.791318333948683      -0.601941178129051     
   2.38281250000000      -0.797106161250266      -0.584940224858919     
   2.39062500000000      -0.803698431120803      -0.567703121337427     
   2.39843750000000      -0.811195584976978      -0.550216561538095     
   2.40625000000000      -0.819707825453184      -0.532468251176741     
   2.41406250000000      -0.829364983407049      -0.514442195426338     
   2.42187500000000      -0.840332187352266      -0.496111996398591     
   2.42968750000000      -0.852839625930993      -0.477428566603038     
   2.43750000000000      -0.867250547542325      -0.458291895178958     
   2.44531250000000      -0.884265341752101      -0.438464108453540     
   2.45312500000000      -0.906084910217056      -0.417052916066825     
   2.46093750000000      -0.938761521316855      -0.405293254142996     
   2.46875000000000      -0.964254313942803      -0.401274595711457     
   2.47656250000000      -0.986656258573787      -0.398577860117801     
   2.48437500000000       -1.00720255415931      -0.396629021519601     
   2.49218750000000       -1.02645786582279      -0.395173046941284     
   2.50000000000000       -1.04475886705369      -0.394062538247108     
   2.53125000000000       -1.11234228218336      -0.391443651101590     
   2.56250000000000       -1.17758239064202      -0.389150871148804     
   2.59375000000000       -1.26229694117268      -0.388675268412734     
   2.62500000000000       -1.33713513425190      -0.429938960924607     
   2.65625000000000       -1.39303146513047      -0.474273837540070     
   2.68750000000000       -1.43917354187686      -0.520673367738368     
   2.71875000000000       -1.47698002177231      -0.572012124437025     
   2.75000000000000       -1.49612333503169      -0.617553462873809     
   2.78125000000000       -1.51909906877791      -0.654919701441541     
   2.81250000000000       -1.54275071712737      -0.692598540098356     
   2.84375000000000       -1.56623784245543      -0.732200614010244     
   2.87500000000000       -1.58725159655739      -0.779107596341146     
   2.90625000000000       -1.59381090801317      -0.819039985810301     
   2.93750000000000       -1.60289436687293      -0.850895929377608     
   2.96875000000000       -1.61505331819189      -0.876884867914031     
   3.00000000000000       -1.63314172618983      -0.894708752471973     
   3.03125000000000       -1.68177500930903      -0.892463855407817     
   3.06250000000000       -1.75966802153963      -0.949153584863496     
   3.09375000000000       -1.82073341446917       -1.02488125472068     
   3.12500000000000       -1.87818245583485       -1.11589875683983     
   3.15625000000000       -1.93859444878691       -1.23074791840577     
   3.18750000000000       -2.01316807467008       -1.41556574909761     
   3.21875000000000       -1.91834026475916       -1.64245237879580     
   3.25000000000000       -1.79638606955263       -1.79477523286837     
   3.28125000000000       -1.64743595772005       -1.91262245246225     
   3.31250000000000       -1.46958159292287       -1.98806978420724     
   3.34375000000000       -1.26882732635921       -1.99562662170406     
   3.37500000000000       -1.13908405213660       -1.90509479753344     
   3.40625000000000       -1.05807506419669       -1.85582243700020     
   3.43750000000000      -0.978327430013058       -1.80103368553900     
   3.46875000000000      -0.906758853002010       -1.72648067149899     
   3.50000000000000      -0.854039912939750       -1.62012590453264     
   3.53125000000000      -0.850391388974665       -1.45110395949002     
   3.56250000000000       -1.03975392605267       -1.36348952977428     
   3.59375000000000       -1.16782811839682       -1.39536243797908     
   3.62500000000000       -1.26708511820557       -1.45935410616577     
   3.65625000000000       -1.35090361553412       -1.54945157095804     
   3.68750000000000       -1.42614959811266       -1.67245160058671     
   3.71875000000000       -1.49712294179774       -1.86844014589886     
   3.75000000000000       -1.37933853156444       -2.10940321202295     
   3.78125000000000       -1.23554529948691       -2.24520550042209     
   3.81250000000000       -1.07989117711751       -2.34324761247514     
   3.84375000000000      -0.910897524422303       -2.40835459187594     
   3.87500000000000      -0.730049440085918       -2.43631121900672     
   3.90625000000000      -0.543632704092057       -2.41369917317967     
   3.93750000000000      -0.416889305746676       -2.33416273901492     
   3.96875000000000      -0.313419305102460       -2.28511232086579     
   4.00000000000000      -0.208905190632385       -2.23068527662396     
   4.03125000000000      -0.107583379113307       -2.16340903797724     
   4.06250000000000      -1.372129924910584E-002  -2.07930162219148     
   4.09375000000000       6.650595915195544E-002  -1.97417572991011     
   4.12500000000000       0.113473928316002       -1.83220099433135     
   4.15625000000000       9.231420148934064E-002  -1.74105850994906     
   4.18750000000000       8.820066620800360E-002  -1.67263650328795     
   4.21875000000000       8.737486869212878E-002  -1.60998411639787     
   4.25000000000000       8.624003585383558E-002  -1.54905849800673     
   4.28125000000000       8.227084108510357E-002  -1.48754021806960     
   4.31250000000000       7.229016412374817E-002  -1.42304474261264     
   4.34375000000000       4.138487719280359E-002  -1.34951144633114     
   4.37500000000000      -7.194355214686062E-003  -1.31478841051886     
   4.40625000000000      -4.291575705082327E-002  -1.29051232842930     
   4.43750000000000      -7.342195740243695E-002  -1.27047275422337     
   4.46875000000000      -0.101238008278470       -1.25263268526233     
   4.50000000000000      -0.128206955460999       -1.23554536110319     
   4.53125000000000      -0.156643814133562       -1.21744512392227     
   4.56250000000000      -0.192923997532628       -1.19352701344406     
   4.59375000000000      -0.258968633107737       -1.19471199118563     
   4.62500000000000      -0.305037897122170       -1.21944237835856     
   4.65625000000000      -0.340571885396436       -1.25124776290508     
   4.68750000000000      -0.368254381649732       -1.28896272881263     
   4.71875000000000      -0.388842888132771       -1.33293755615816     
   4.75000000000000      -0.401830908651119       -1.38480314363895     
   4.78125000000000      -0.404381468916457       -1.44900441518147     
   4.81250000000000      -0.365171033079194       -1.53862476036449     
   4.84375000000000      -0.292255226368710       -1.56634274172216     
   4.87500000000000      -0.234780029322483       -1.57469821305765     
   4.90625000000000      -0.184902753798352       -1.57289443389106     
   4.93750000000000      -0.140801993583188       -1.56339538842440     
   4.96875000000000      -0.102111428507616       -1.54708960320573     
   5.00000000000000      -6.940699539391434E-002  -1.52396331581221     
   5.03125000000000      -4.482743967650078E-002  -1.49268900265934     
   5.06250000000000      -4.572840873521145E-002  -1.44978851136350     
   5.09375000000000      -6.086181983312226E-002  -1.44162852108641     
   5.12500000000000      -6.657795553644535E-002  -1.44150135351479     
   5.15625000000000      -6.806396006882540E-002  -1.44498577569967     
   5.18750000000000      -6.670046968257796E-002  -1.45095066456910     
   5.21875000000000      -6.302611336827604E-002  -1.45899636865081     
   5.25000000000000      -5.717522037467647E-002  -1.46908945788164     
   5.28125000000000      -4.888648134221821E-002  -1.48158658476246     
   5.31250000000000      -3.671940038783950E-002  -1.49806914520005     
   5.34375000000000      -1.176109182270536E-002  -1.51115520817484     
   5.37500000000000       1.079623959232495E-002  -1.51647133534582     
   5.40625000000000       3.217429050630502E-002  -1.52011890820546     
   5.43750000000000       5.304937885067951E-002  -1.52284569148941     
   5.46875000000000       7.371631236271074E-002  -1.52499129861346     
   5.50000000000000       9.436074489418521E-002  -1.52677318008871     
   5.53125000000000       0.115144005861267       -1.52837362624042     
   5.56250000000000       0.136274425407318       -1.53000267596457     
   5.59375000000000       0.158355439462286       -1.53214689543772     
   5.62500000000000       0.182482221597749       -1.53233145066338     
   5.65625000000000       0.205899084919865       -1.53162020587128     
   5.68750000000000       0.229353072872829       -1.53073050116535     
   5.71875000000000       0.253114178077617       -1.52988500173905     
   5.75000000000000       0.277439466302980       -1.52930762795633     
   5.78125000000000       0.302663496126962       -1.52929349105321     
   5.81250000000000       0.329312895311474       -1.53030708534235     
   5.84375000000000       0.358404621865392       -1.53324472077666     
   5.87500000000000       0.392930808667209       -1.54075242514270     
   5.90625000000000       0.450940171347965       -1.54080720413244     
   5.93750000000000       0.502396136472498       -1.51974992819788     
   5.96875000000000       0.547950888411028       -1.49218823500001     
   6.00000000000000       0.588951838288080       -1.45973815319017     
   6.03125000000000       0.625671853880172       -1.42304657677463     
   6.06250000000000       0.657972662855084       -1.38243014493329     
   6.09375000000000       0.685408163759424       -1.33801168066121     
   6.12500000000000       0.707118558138905       -1.28970631828097     
   6.15625000000000       0.721313630887572       -1.23699142035017     
   6.18750000000000       0.721173218292033       -1.17684530429052     
   6.21875000000000       0.698601005263014       -1.14272550908056     
   6.25000000000000       0.689033727319425       -1.11843280605374     
   6.28125000000000       0.683397830871922       -1.09636064982160     
   6.31250000000000       0.679826941379349       -1.07546909538742     
   6.34375000000000       0.677464240019409       -1.05528430586862     
   6.37500000000000       0.675805731456957       -1.03553337554359     
   6.40625000000000       0.674502840132951       -1.01603364594862     
   6.43750000000000       0.673272099829074      -0.996641889669830     
   6.46875000000000       0.671820027933103      -0.977211708788975     
   6.50000000000000       0.669622337770845      -0.957463510900725     
   6.53125000000000       0.664958890804284      -0.939242888182363     
   6.56250000000000       0.661401384179656      -0.922988142509825     
   6.59375000000000       0.658318473770708      -0.907135819398457     
   6.62500000000000       0.655393763393366      -0.891505097785671     
   6.65625000000000       0.652438702124521      -0.876000171749643     
   6.68750000000000       0.649294455799160      -0.860550468115489     
   6.71875000000000       0.645794568351120      -0.845090936744502     
   6.75000000000000       0.641729435685509      -0.829547422578302     
   6.78125000000000       0.636779622190766      -0.813813136734503     
   6.81250000000000       0.630311400036387      -0.797679047909186     
   6.84375000000000       0.619641022920736      -0.780233807852287     
   6.87500000000000       0.604848850120337      -0.773473837989274     
   6.90625000000000       0.595542820151374      -0.768955635279594     
   6.93750000000000       0.588492730988138      -0.765252476542061     
   6.96875000000000       0.583066848273526      -0.762143861800371     
   7.00000000000000       0.579001031769207      -0.759540022814943     
   7.03125000000000       0.576185264096522      -0.757406868292804     
   7.06250000000000       0.574610484173960      -0.755747894846397     
   7.09375000000000       0.574368205941063      -0.754605409039288     
   7.12500000000000       0.575699550782190      -0.754080926719467     
   7.15625000000000       0.579172313600204      -0.754406672304167     
   7.18750000000000       0.586653889947463      -0.756335684455050     
   7.21875000000000       0.604056572536533      -0.750564545279054     
   7.25000000000000       0.615069275517947      -0.737258373926646     
   7.28125000000000       0.623006614813141      -0.722664625347586     
   7.31250000000000       0.628880484485813      -0.707239950733025     
   7.34375000000000       0.633063302070499      -0.691176402016263     
   7.37500000000000       0.635707241771436      -0.674575949820097     
   7.40625000000000       0.636845261758376      -0.657494873760884     
   7.43750000000000       0.636416198369430      -0.639957824942479     
   7.46875000000000       0.634250005691402      -0.621958089195947     
   7.50000000000000       0.629996826411341      -0.603442063242537     
   7.53125000000000       0.622878919138981      -0.584247311086814     
   7.56250000000000       0.610001938005702      -0.563658023722181     
   7.59375000000000       0.589216906127313      -0.556045230699173     
   7.62500000000000       0.576362624592130      -0.552829445480045     
   7.65625000000000       0.566321117508185      -0.550380384189746     
   7.68750000000000       0.558047478743561      -0.548411728935571     
   7.71875000000000       0.551080823087729      -0.546798077657524     
   7.75000000000000       0.545168278111552      -0.545471353342127     
   7.78125000000000       0.540158465210372      -0.544391513269294     
   7.81250000000000       0.535960853874388      -0.543535441030481     
   7.84375000000000       0.532529959062253      -0.542892740962410     
   7.87500000000000       0.529864909003414      -0.542465903040720     
   7.90625000000000       0.528031907098385      -0.542277176932972     
   7.93750000000000       0.527281754437190      -0.542403501350647     
   7.96875000000000       0.528964892286860      -0.541775053741928     
   8.00000000000000       0.529991943692867      -0.539099447536041     
   8.03125000000000       0.530630773122369      -0.536292460589555     
   8.06250000000000       0.531200381875518      -0.533452391695765     
   8.09375000000000       0.531820981950225      -0.530617394618230     
   8.12500000000000       0.532563159007977      -0.527810162008587     
   8.15625000000000       0.533481724943248      -0.525048180196302     
   8.18750000000000       0.534630100015901      -0.522348063857683     
   8.21875000000000       0.536070739676736      -0.519728606248808     
   8.25000000000000       0.537888061702836      -0.517214422340453     
   8.28125000000000       0.540212458656255      -0.514842564265950     
   8.31250000000000       0.543281637325354      -0.512679251663370     
   8.34375000000000       0.547687417066248      -0.510886856574716     
   8.37500000000000       0.556436367818056      -0.507409435820735     
   8.40625000000000       0.562953972526181      -0.498925816235320     
   8.43750000000000       0.567606609577903      -0.489908328603215     
   8.46875000000000       0.571145687202331      -0.480578195599970     
   8.50000000000000       0.573825748299313      -0.471017645963037     
   8.53125000000000       0.575766100284919      -0.461270695938679     
   8.56250000000000       0.577024852476738      -0.451364397096469     
   8.59375000000000       0.577622981002400      -0.441316168801428     
   8.62500000000000       0.577552003937025      -0.431136701798104     
   8.65625000000000       0.576772657770159      -0.420830739124498     
   8.68750000000000       0.575203764023323      -0.410396040794440     
   8.71875000000000       0.572691018719261      -0.399819160758329     
   8.75000000000000       0.568910660494573      -0.389061209453514     
   8.78125000000000       0.562857740606506      -0.377978777173176     
   8.81250000000000       0.552615248227974      -0.371774557432948     
   8.84375000000000       0.546262244456620      -0.368608027893870     
   8.87500000000000       0.541404015541244      -0.365687266893191     
   8.90625000000000       0.537440824815836      -0.362914060755264     
   8.93750000000000       0.534127770595039      -0.360248194556148     
   8.96875000000000       0.531336360493357      -0.357668500855206     
   9.00000000000000       0.528993061133443      -0.355162786833452     
   9.03125000000000       0.527056687134265      -0.352724106624891     
   9.06250000000000       0.525509288518139      -0.350349233128754     
   9.09375000000000       0.524353786452788      -0.348038214596309     
   9.12500000000000       0.523617265260527      -0.345794813644165     
   9.15625000000000       0.523363245861237      -0.343628310644442     
   9.18750000000000       0.523727933860031      -0.341558914992747     
   9.21875000000000       0.525064466225042      -0.339639417505642     
   9.25000000000000       0.529240472462643      -0.336675953145209     
   9.28125000000000       0.531930514042662      -0.330216815232831     
   9.31250000000000       0.533327854432668      -0.323559682651825     
   9.34375000000000       0.534027300813896      -0.316800671548050     
   9.37500000000000       0.534220077156266      -0.309972954590699     
   9.40625000000000       0.533997110596918      -0.303093823385155     
   9.43750000000000       0.533406878079829      -0.296173858424875     
   9.46875000000000       0.532474641118819      -0.289220066361332     
   9.50000000000000       0.531210126961930      -0.282237212616854     
   9.53125000000000       0.529610295665065      -0.275228412894341     
   9.56250000000000       0.527658995758663      -0.268195307470629     
   9.59375000000000       0.525323207485819      -0.261137855774928     
   9.62500000000000       0.522542957311178      -0.254053507338154     
   9.65625000000000       0.519203880064436      -0.246934708563087     
   9.68750000000000       0.515035499341003      -0.239759183488884     
   9.71875000000000       0.508541194058566      -0.233197000079973     
   9.75000000000000       0.502990828403628      -0.229883927332967     
   9.78125000000000       0.498582224199914      -0.226700363469873     
   9.81250000000000       0.494696791134985      -0.223580693705224     
   9.84375000000000       0.491144286078872      -0.220504369087476     
   9.87500000000000       0.487828646018434      -0.217460909019535     
   9.90625000000000       0.484691085608697      -0.214443882261888     
   9.93750000000000       0.481691198821761      -0.211448896574114     
   9.96875000000000       0.478798680700595      -0.208472718860870     
   10.0000000000000       0.475988957972790      -0.205512818218132     
   10.0312500000000       0.473240426251895      -0.202567091122017     
   10.0625000000000       0.470532230668755      -0.199633663436289     
   10.0937500000000       0.467841782725221      -0.196710701763189     
   10.1250000000000       0.465140715488405      -0.193796146308245     
   10.1562500000000       0.462385349370250      -0.190887120498138     
   10.1875000000000       0.459480371197849      -0.187977695108705     
   10.2187500000000       0.456017009787095      -0.185420765881868     
   10.2500000000000       0.453068346835870      -0.183614153052532     
   10.2812500000000       0.450472750286130      -0.181833734083356     
   10.3125000000000       0.448090748099246      -0.180070561406416     
   10.3437500000000       0.445872119618338      -0.178321378294322     
   10.3750000000000       0.443789629032352      -0.176584395708097     
   10.4062500000000       0.441825662492712      -0.174858444148104     
   10.4375000000000       0.439967481130716      -0.173142673214124     
   10.4687500000000       0.438204982311097      -0.171436410325976     
   10.5000000000000       0.436529357624889      -0.169739076379537     
   10.5312500000000       0.434932030794214      -0.168050119288454     
   10.5625000000000       0.433403500499913      -0.166368941620109     
   10.5937500000000       0.431931650742027      -0.164694794291109     
   10.6250000000000       0.430498650780269      -0.163026579337799     
   10.6562500000000       0.429073979031711      -0.161362399865767     
   10.6875000000000       0.427593915319135      -0.159698215849857     
   10.7187500000000       0.425853603866929      -0.158020629005640     
   10.7500000000000       0.423555238944575      -0.157443758503175     
   10.7812500000000       0.422358062709220      -0.157442315943562     
   10.8125000000000       0.421730073438489      -0.157480670273589     
   10.8437500000000       0.421567961732041      -0.157552089818164     
   10.8750000000000       0.421849963490797      -0.157655445094520     
   10.9062500000000       0.422587405794009      -0.157791920432592     
   10.9375000000000       0.423814622976538      -0.157964356280649     
   10.9687500000000       0.425588519046780      -0.158177261689417     
   11.0000000000000       0.427993344042297      -0.158437203454873     
   11.0312500000000       0.431150956897957      -0.158753607265188     
   11.0625000000000       0.435239643910705      -0.159140213198939     
   11.0937500000000       0.440529023960738      -0.159617770109929     
   11.1250000000000       0.447449216431391      -0.160219377177636     
   11.1562500000000       0.456743202122861      -0.161002268143547     
   11.1875000000000       0.469859894828522      -0.162078282813573     
   11.2187500000000       0.490261579995804      -0.163715548687589     
   11.2500000000000       0.530644417195981      -0.166903000081760     
   11.2812500000000       0.606507839563811       1.319706718375616E-018
   11.3125000000000       0.509775749164297       1.031507828067723E-017
   11.3437500000000       0.475996772493128       7.021048204959846E-018
   11.3750000000000       0.454489450184640      -1.284210707772817E-017
   11.4062500000000       0.438419907561956       2.299001591631353E-017
   11.4375000000000       0.425441240139689      -3.097510172884738E-018
   11.4687500000000       0.414464321245819       5.575795299228583E-018
   11.5000000000000       0.404894065918699      -2.337754830231119E-018
   11.5312500000000       0.396369480863654      -3.583095771069239E-019
   11.5625000000000       0.388654922197395      -1.377819993505217E-017
   11.5937500000000       0.381587959680585       8.839434753481492E-018
   11.6250000000000       0.375051807652316       1.645956810883716E-017
   11.6562500000000       0.368959623636186      -3.254139564636486E-018
   11.6875000000000       0.363245028550019      -1.220254362101251E-017
   11.7187500000000       0.357856106775498      -1.654060992696082E-018
   11.7500000000000       0.352751457598110      -9.671412884402521E-018
   11.7812500000000       0.347897510034565      -4.371243554570149E-018
   11.8125000000000       0.343266644954157      -9.368353666997842E-018
   11.8437500000000       0.338835849635266       9.879684848960514E-018
   11.8750000000000       0.334585733198816      -1.028352693954608E-017
   11.9062500000000       0.330499792620989      -7.648315513697137E-018
   11.9375000000000       0.326563856411319       1.042205340167224E-018
   11.9687500000000       0.322765656705752      -2.790068507822243E-018
   12.0000000000000       0.319094495702721       1.951547688833120E-018
   13.0000000000000       0.294548765264050       0.000000000000000E+000
   14.0000000000000       0.273509567745189       0.000000000000000E+000
   15.0000000000000       0.255275596562177       0.000000000000000E+000
   16.0000000000000       0.239320871777041       0.000000000000000E+000
   17.0000000000000       0.225243173437215       0.000000000000000E+000
   18.0000000000000       0.212729663801814       0.000000000000000E+000
   19.0000000000000       0.201533365706982       0.000000000000000E+000
   20.0000000000000       0.191456697421633       0.000000000000000E+000
   21.0000000000000       0.182339711830126       0.000000000000000E+000
   22.0000000000000       0.174051543110575       0.000000000000000E+000
   23.0000000000000       0.166484084714463       0.000000000000000E+000
   24.0000000000000       0.159547247851361       0.000000000000000E+000
   25.0000000000000       0.153165357937306       0.000000000000000E+000
   26.0000000000000       0.147274382632025       0.000000000000000E+000
   27.0000000000000       0.141819775867876       0.000000000000000E+000
   28.0000000000000       0.136754783872595       0.000000000000000E+000
   29.0000000000000       0.132039101670091       0.000000000000000E+000
   30.0000000000000       0.127637798281088       0.000000000000000E+000
   31.0000000000000       0.123520449949440       0.000000000000000E+000
   32.0000000000000       0.119660435888520       0.000000000000000E+000
   33.0000000000000       0.116034362073717       0.000000000000000E+000
   34.0000000000000       0.112621586718607       0.000000000000000E+000
   35.0000000000000       0.109403827098076       0.000000000000000E+000
   36.0000000000000       0.106364831900907       0.000000000000000E+000
   37.0000000000000       0.103490106714396       0.000000000000000E+000
   38.0000000000000       0.100766682853491       0.000000000000000E+000
   39.0000000000000       9.818292175468339E-002  0.000000000000000E+000
   40.0000000000000       9.572834871081630E-002  0.000000000000000E+000
   41.0000000000000       9.339351093738175E-002  0.000000000000000E+000
   42.0000000000000       9.116985591506314E-002  0.000000000000000E+000
   43.0000000000000       8.904962670773610E-002  0.000000000000000E+000
   44.0000000000000       8.702577155528755E-002  0.000000000000000E+000
   45.0000000000000       8.509186552072560E-002  0.000000000000000E+000
   46.0000000000000       8.324204235723157E-002  0.000000000000000E+000
   47.0000000000000       8.147093507303516E-002  0.000000000000000E+000
   48.0000000000000       7.977362392568026E-002  0.000000000000000E+000
   49.0000000000000       7.814559078433984E-002  0.000000000000000E+000
   50.0000000000000       7.658267896865305E-002  0.000000000000000E+000
   51.0000000000000       7.508105781240494E-002  0.000000000000000E+000
   52.0000000000000       7.363719131601254E-002  0.000000000000000E+000
   53.0000000000000       7.224781034778589E-002  0.000000000000000E+000
   54.0000000000000       7.090988793393800E-002  0.000000000000000E+000
   55.0000000000000       6.962061724423003E-002  0.000000000000000E+000
   56.0000000000000       6.837739193629735E-002  0.000000000000000E+000
   57.0000000000000       6.717778856899390E-002  0.000000000000000E+000
   58.0000000000000       6.601955083504572E-002  0.000000000000000E+000
   59.0000000000000       6.490057539716360E-002  0.000000000000000E+000
   60.0000000000000       6.381889914054420E-002  0.000000000000000E+000
   61.0000000000000       6.277268767922381E-002  0.000000000000000E+000
   62.0000000000000       6.176022497472020E-002  0.000000000000000E+000
   63.0000000000000       6.077990394337543E-002  0.000000000000000E+000
   64.0000000000000       5.983021794426019E-002  0.000000000000000E+000
   65.0000000000000       5.890975305281003E-002  0.000000000000000E+000
   66.0000000000000       5.801718103685836E-002  0.000000000000000E+000
   67.0000000000000       5.715125296168137E-002  0.000000000000000E+000
   68.0000000000000       5.631079335930371E-002  0.000000000000000E+000
   69.0000000000000       5.549469490482104E-002  0.000000000000000E+000
   70.0000000000000       5.470191354903789E-002  0.000000000000000E+000
   71.0000000000000       5.393146406243172E-002  0.000000000000000E+000
   72.0000000000000       5.318241595045350E-002  0.000000000000000E+000
   73.0000000000000       5.245388970455687E-002  0.000000000000000E+000
   74.0000000000000       5.174505335719800E-002  0.000000000000000E+000
   75.0000000000000       5.105511931243536E-002  0.000000000000000E+000
   76.0000000000000       5.038334142674542E-002  0.000000000000000E+000
   77.0000000000000       4.972901231730717E-002  0.000000000000000E+000
   78.0000000000000       4.909146087734170E-002  0.000000000000000E+000
   79.0000000000000       4.847004998016016E-002  0.000000000000000E+000
   80.0000000000000       4.786417435540815E-002  0.000000000000000E+000
   81.0000000000000       4.727325862262533E-002  0.000000000000000E+000
   82.0000000000000       4.669675546869088E-002  0.000000000000000E+000
   83.0000000000000       4.613414395701990E-002  0.000000000000000E+000
   84.0000000000000       4.558492795753157E-002  0.000000000000000E+000
   85.0000000000000       4.504863468744297E-002  0.000000000000000E+000
   86.0000000000000       4.452481335386805E-002  0.000000000000000E+000
   87.0000000000000       4.401303389003049E-002  0.000000000000000E+000
   88.0000000000000       4.351288577764378E-002  0.000000000000000E+000
   89.0000000000000       4.302397694868149E-002  0.000000000000000E+000
   90.0000000000000       4.254593276036280E-002  0.000000000000000E+000
   91.0000000000000       4.207839503772145E-002  0.000000000000000E+000
   92.0000000000000       4.162102117861578E-002  0.000000000000000E+000
   93.0000000000000       4.117348331648013E-002  0.000000000000000E+000
   94.0000000000000       4.073546753651758E-002  0.000000000000000E+000
   95.0000000000000       4.030667314139634E-002  0.000000000000000E+000
   96.0000000000000       3.988681196284013E-002  0.000000000000000E+000
   97.0000000000000       3.947560771580054E-002  0.000000000000000E+000
   98.0000000000000       3.907279539216992E-002  0.000000000000000E+000
   99.0000000000000       3.867812069123891E-002  0.000000000000000E+000
   100.000000000000       3.829133948432652E-002  0.000000000000000E+000
   101.000000000000       3.791221731121438E-002  0.000000000000000E+000
   102.000000000000       3.754052890620247E-002  0.000000000000000E+000
   103.000000000000       3.717605775177332E-002  0.000000000000000E+000
   104.000000000000       3.681859565800627E-002  0.000000000000000E+000
   105.000000000000       3.646794236602525E-002  0.000000000000000E+000
   106.000000000000       3.612390517389295E-002  0.000000000000000E+000
   107.000000000000       3.578629858348273E-002  0.000000000000000E+000
   108.000000000000       3.545494396696900E-002  0.000000000000000E+000
   109.000000000000       3.512966925167571E-002  0.000000000000000E+000
   110.000000000000       3.481030862211502E-002  0.000000000000000E+000
   111.000000000000       3.449670223813200E-002  0.000000000000000E+000
   112.000000000000       3.418869596814868E-002  0.000000000000000E+000
   113.000000000000       3.388614113657214E-002  0.000000000000000E+000
   114.000000000000       3.358889428449695E-002  0.000000000000000E+000
   115.000000000000       3.329681694289263E-002  0.000000000000000E+000
   116.000000000000       3.300977541752286E-002  0.000000000000000E+000
   117.000000000000       3.272764058489446E-002  0.000000000000000E+000
   118.000000000000       3.245028769858180E-002  0.000000000000000E+000
   119.000000000000       3.217759620531641E-002  0.000000000000000E+000
   120.000000000000       3.190944957027210E-002  0.000000000000000E+000
   121.000000000000       3.164573511101365E-002  0.000000000000000E+000
   122.000000000000       3.138634383961190E-002  0.000000000000000E+000
   123.000000000000       3.113117031246058E-002  0.000000000000000E+000
   124.000000000000       3.088011248736010E-002  0.000000000000000E+000
   125.000000000000       3.063307158746122E-002  0.000000000000000E+000
   126.000000000000       3.038995197168771E-002  0.000000000000000E+000
   127.000000000000       3.015066101128073E-002  0.000000000000000E+000
   128.000000000000       2.991510897213009E-002  0.000000000000000E+000
   129.000000000000       2.968320890257870E-002  0.000000000000000E+000
   130.000000000000       2.945487652640501E-002  0.000000000000000E+000
   131.000000000000       2.923003014070727E-002  0.000000000000000E+000
   132.000000000000       2.900859051842918E-002  0.000000000000000E+000
   133.000000000000       2.879048081528310E-002  0.000000000000000E+000
   134.000000000000       2.857562648084069E-002  0.000000000000000E+000
   135.000000000000       2.836395517357520E-002  0.000000000000000E+000
   136.000000000000       2.815539667965185E-002  0.000000000000000E+000
   137.000000000000       2.794988283527483E-002  0.000000000000000E+000
   138.000000000000       2.774734745241052E-002  0.000000000000000E+000
   139.000000000000       2.754772624771692E-002  0.000000000000000E+000
   140.000000000000       2.735095677451894E-002  0.000000000000000E+000
   141.000000000000       2.715697835767839E-002  0.000000000000000E+000
   142.000000000000       2.696573203121586E-002  0.000000000000000E+000
   143.000000000000       2.677716047855001E-002  0.000000000000000E+000
   144.000000000000       2.659120797522675E-002  0.000000000000000E+000
   145.000000000000       2.640782033401829E-002  0.000000000000000E+000
   146.000000000000       2.622694485227844E-002  0.000000000000000E+000
   147.000000000000       2.604853026144661E-002  0.000000000000000E+000
   148.000000000000       2.587252667859900E-002  0.000000000000000E+000
   149.000000000000       2.569888555995068E-002  0.000000000000000E+000
   150.000000000000       2.552755965621768E-002  0.000000000000000E+000
   151.000000000000       2.535850296975266E-002  0.000000000000000E+000
   152.000000000000       2.519167071337271E-002  0.000000000000000E+000
   153.000000000000       2.502701927080165E-002  0.000000000000000E+000
   154.000000000000       2.486450615865358E-002  0.000000000000000E+000
   155.000000000000       2.470408998988808E-002  0.000000000000000E+000
   156.000000000000       2.454573043867085E-002  0.000000000000000E+000
   157.000000000000       2.438938820657740E-002  0.000000000000000E+000
   158.000000000000       2.423502499008008E-002  0.000000000000000E+000
   159.000000000000       2.408260344926196E-002  0.000000000000000E+000
   160.000000000000       2.393208717770407E-002  0.000000000000000E+000
   161.000000000000       2.378344067349474E-002  0.000000000000000E+000
   162.000000000000       2.363662931131267E-002  0.000000000000000E+000
   163.000000000000       2.349161931553774E-002  0.000000000000000E+000
   164.000000000000       2.334837773434544E-002  0.000000000000000E+000
   165.000000000000       2.320687241474335E-002  0.000000000000000E+000
   166.000000000000       2.306707197850995E-002  0.000000000000000E+000
   167.000000000000       2.292894579899792E-002  0.000000000000000E+000
   168.000000000000       2.279246397876579E-002  0.000000000000000E+000
   169.000000000000       2.265759732800386E-002  0.000000000000000E+000
   170.000000000000       2.252431734372148E-002  0.000000000000000E+000
   171.000000000000       2.239259618966463E-002  0.000000000000000E+000
   172.000000000000       2.226240667693402E-002  0.000000000000000E+000
   173.000000000000       2.213372224527545E-002  0.000000000000000E+000
   174.000000000000       2.200651694501524E-002  0.000000000000000E+000
   175.000000000000       2.188076541961516E-002  0.000000000000000E+000
   176.000000000000       2.175644288882189E-002  0.000000000000000E+000
   177.000000000000       2.163352513238787E-002  0.000000000000000E+000
   178.000000000000       2.151198847434074E-002  0.000000000000000E+000
   179.000000000000       2.139180976778018E-002  0.000000000000000E+000
   180.000000000000       2.127296638018140E-002  0.000000000000000E+000
   181.000000000000       2.115543617918592E-002  0.000000000000000E+000
   182.000000000000       2.103919751886072E-002  0.000000000000000E+000
   183.000000000000       2.092422922640794E-002  0.000000000000000E+000
   184.000000000000       2.081051058930789E-002  0.000000000000000E+000
   185.000000000000       2.069802134287920E-002  0.000000000000000E+000
   186.000000000000       2.058674165824007E-002  0.000000000000000E+000
   187.000000000000       2.047665213065589E-002  0.000000000000000E+000
   188.000000000000       2.036773376825879E-002  0.000000000000000E+000
   189.000000000000       2.025996798112514E-002  0.000000000000000E+000
   190.000000000000       2.015333657069817E-002  0.000000000000000E+000
   191.000000000000       2.004782171954268E-002  0.000000000000000E+000
   192.000000000000       1.994340598142006E-002  0.000000000000000E+000
   193.000000000000       1.984007227167177E-002  0.000000000000000E+000
   194.000000000000       1.973780385790027E-002  0.000000000000000E+000
   195.000000000000       1.963658435093668E-002  0.000000000000000E+000
   196.000000000000       1.953639769608496E-002  0.000000000000000E+000
   197.000000000000       1.943722816463275E-002  0.000000000000000E+000
   198.000000000000       1.933906034561945E-002  0.000000000000000E+000
   199.000000000000       1.924187913785252E-002  0.000000000000000E+000
   200.000000000000       1.914566974216326E-002  0.000000000000000E+000
   201.000000000000       1.905041765389379E-002  0.000000000000000E+000
   202.000000000000       1.895610865560719E-002  0.000000000000000E+000
   203.000000000000       1.886272881001307E-002  0.000000000000000E+000
   204.000000000000       1.877026445310124E-002  0.000000000000000E+000
   205.000000000000       1.867870218747635E-002  0.000000000000000E+000
   206.000000000000       1.858802887588666E-002  0.000000000000000E+000
   207.000000000000       1.849823163494035E-002  0.000000000000000E+000
   208.000000000000       1.840929782900314E-002  0.000000000000000E+000
   209.000000000000       1.832121506427106E-002  0.000000000000000E+000
   210.000000000000       1.823397118301263E-002  0.000000000000000E+000
   211.000000000000       1.814755425797466E-002  0.000000000000000E+000
   212.000000000000       1.806195258694647E-002  0.000000000000000E+000
   213.000000000000       1.797715468747724E-002  0.000000000000000E+000
   214.000000000000       1.789314929174136E-002  0.000000000000000E+000
   215.000000000000       1.780992534154722E-002  0.000000000000000E+000
   216.000000000000       1.772747198348450E-002  0.000000000000000E+000
   217.000000000000       1.764577856420577E-002  0.000000000000000E+000
   218.000000000000       1.756483462583786E-002  0.000000000000000E+000
   219.000000000000       1.748462990151896E-002  0.000000000000000E+000
   220.000000000000       1.740515431105751E-002  0.000000000000000E+000
   221.000000000000       1.732639795670883E-002  0.000000000000000E+000
   222.000000000000       1.724835111906600E-002  0.000000000000000E+000
   223.000000000000       1.717100425306122E-002  0.000000000000000E+000
   224.000000000000       1.709434798407434E-002  0.000000000000000E+000
   225.000000000000       1.701837310414512E-002  0.000000000000000E+000
   226.000000000000       1.694307056828607E-002  0.000000000000000E+000
   227.000000000000       1.686843149089274E-002  0.000000000000000E+000
   228.000000000000       1.679444714224847E-002  0.000000000000000E+000
   229.000000000000       1.672110894512075E-002  0.000000000000000E+000
   230.000000000000       1.664840847144631E-002  0.000000000000000E+000
   231.000000000000       1.657633743910239E-002  0.000000000000000E+000
   232.000000000000       1.650488770876143E-002  0.000000000000000E+000
   233.000000000000       1.643405128082683E-002  0.000000000000000E+000
   234.000000000000       1.636382029244723E-002  0.000000000000000E+000
   235.000000000000       1.629418701460703E-002  0.000000000000000E+000
   236.000000000000       1.622514384929090E-002  0.000000000000000E+000
   237.000000000000       1.615668332672005E-002  0.000000000000000E+000
   238.000000000000       1.608879810265820E-002  0.000000000000000E+000
   239.000000000000       1.602148095578515E-002  0.000000000000000E+000
   240.000000000000       1.595472478513605E-002  0.000000000000000E+000
   241.000000000000       1.588852260760436E-002  0.000000000000000E+000
   242.000000000000       1.582286755550683E-002  0.000000000000000E+000
   243.000000000000       1.575775287420845E-002  0.000000000000000E+000
   244.000000000000       1.569317191980595E-002  0.000000000000000E+000
   245.000000000000       1.562911815686797E-002  0.000000000000000E+000
   246.000000000000       1.556558515623029E-002  0.000000000000000E+000
   247.000000000000       1.550256659284475E-002  0.000000000000000E+000
   248.000000000000       1.544005624368005E-002  0.000000000000000E+000
   249.000000000000       1.537804798567330E-002  0.000000000000000E+000
   250.000000000000       1.531653579373061E-002  0.000000000000000E+000
   251.000000000000       1.525551373877551E-002  0.000000000000000E+000
   252.000000000000       1.519497598584386E-002  0.000000000000000E+000
   253.000000000000       1.513491679222392E-002  0.000000000000000E+000
   254.000000000000       1.507533050564036E-002  0.000000000000000E+000
   255.000000000000       1.501621156248099E-002  0.000000000000000E+000
   256.000000000000       1.495755448606505E-002  0.000000000000000E+000
   257.000000000000       1.489935388495195E-002  0.000000000000000E+000
   258.000000000000       1.484160445128935E-002  0.000000000000000E+000
   259.000000000000       1.478430095919943E-002  0.000000000000000E+000
   260.000000000000       1.472743826320251E-002  0.000000000000000E+000
   261.000000000000       1.467101129667683E-002  0.000000000000000E+000
   262.000000000000       1.461501507035363E-002  0.000000000000000E+000
   263.000000000000       1.455944467084659E-002  0.000000000000000E+000
   264.000000000000       1.450429525921459E-002  0.000000000000000E+000
   265.000000000000       1.444956206955718E-002  0.000000000000000E+000
   266.000000000000       1.439524040764155E-002  0.000000000000000E+000
   267.000000000000       1.434132564956049E-002  0.000000000000000E+000
   268.000000000000       1.428781324042034E-002  0.000000000000000E+000
   269.000000000000       1.423469869305819E-002  0.000000000000000E+000
   270.000000000000       1.418197758678760E-002  0.000000000000000E+000
   271.000000000000       1.412964556617215E-002  0.000000000000000E+000
   272.000000000000       1.407769833982593E-002  0.000000000000000E+000
   273.000000000000       1.402613167924048E-002  0.000000000000000E+000
   274.000000000000       1.397494141763742E-002  0.000000000000000E+000
   275.000000000000       1.392412344884601E-002  0.000000000000000E+000
   276.000000000000       1.387367372620526E-002  0.000000000000000E+000
   277.000000000000       1.382358826148972E-002  0.000000000000000E+000
   278.000000000000       1.377386312385846E-002  0.000000000000000E+000
   279.000000000000       1.372449443882671E-002  0.000000000000000E+000
   280.000000000000       1.367547838725947E-002  0.000000000000000E+000
   281.000000000000       1.362681120438666E-002  0.000000000000000E+000
   282.000000000000       1.357848917883919E-002  0.000000000000000E+000
   283.000000000000       1.353050865170548E-002  0.000000000000000E+000
   284.000000000000       1.348286601560793E-002  0.000000000000000E+000
   285.000000000000       1.343555771379878E-002  0.000000000000000E+000
   286.000000000000       1.338858023927501E-002  0.000000000000000E+000
   287.000000000000       1.334193013391168E-002  0.000000000000000E+000
   288.000000000000       1.329560398761338E-002  0.000000000000000E+000
   289.000000000000       1.324959843748322E-002  0.000000000000000E+000
   290.000000000000       1.320391016700915E-002  0.000000000000000E+000
   291.000000000000       1.315853590526684E-002  0.000000000000000E+000
   292.000000000000       1.311347242613922E-002  0.000000000000000E+000
   293.000000000000       1.306871654755171E-002  0.000000000000000E+000
   294.000000000000       1.302426513072331E-002  0.000000000000000E+000
   295.000000000000       1.298011507943272E-002  0.000000000000000E+000
   296.000000000000       1.293626333929950E-002  0.000000000000000E+000
   297.000000000000       1.289270689707964E-002  0.000000000000000E+000
   298.000000000000       1.284944277997534E-002  0.000000000000000E+000
   299.000000000000       1.280646805495870E-002  0.000000000000000E+000
   300.000000000000       1.276377982810884E-002  0.000000000000000E+000
   301.000000000000       1.272137524396230E-002  0.000000000000000E+000
   302.000000000000       1.267925148487633E-002  0.000000000000000E+000
   303.000000000000       1.263740577040479E-002  0.000000000000000E+000
   304.000000000000       1.259583535668636E-002  0.000000000000000E+000
   305.000000000000       1.255453753584476E-002  0.000000000000000E+000
   306.000000000000       1.251350963540082E-002  0.000000000000000E+000
   307.000000000000       1.247274901769593E-002  0.000000000000000E+000
   308.000000000000       1.243225307932679E-002  0.000000000000000E+000
   309.000000000000       1.239201925059111E-002  0.000000000000000E+000
   310.000000000000       1.235204499494404E-002  0.000000000000000E+000
   311.000000000000       1.231232780846512E-002  0.000000000000000E+000
   312.000000000000       1.227286521933542E-002  0.000000000000000E+000
