  0.000000000000000E+000 -0.198303280715733      -2.916973811759038E-006
  7.812500000000000E-003 -0.198973975923874      -7.367069640025299E-004
  1.562500000000000E-002 -0.201679070369888      -1.279316132126516E-003
  2.343750000000000E-002 -0.214822483894265      -4.311526531404188E-003
  3.125000000000000E-002 -0.172836703901542      -4.395324197487149E-002
  3.906250000000000E-002 -0.184430776931617      -1.084481634492153E-002
  4.687500000000000E-002 -0.188576856814639      -1.018678166395637E-002
  5.468750000000000E-002 -0.191648039030909      -9.841779380285350E-003
  6.250000000000000E-002 -0.196021659055127      -1.212515036943334E-002
  7.031250000000000E-002 -0.198903275400987      -2.003199398663069E-002
  7.812500000000000E-002 -0.195047071618818      -2.805932205494288E-002
  8.593750000000000E-002 -0.186211128514471      -2.658200087548783E-002
  9.375000000000000E-002 -0.186139556033543      -2.441088467103046E-002
  0.101562500000000      -0.187630043250691      -2.542126715336420E-002
  0.109375000000000      -0.188877181727452      -2.811242017280091E-002
  0.117187500000000      -0.187124598956522      -3.577686462924475E-002
  0.125000000000000      -0.173547074806475      -4.190019059379512E-002
  0.132812500000000      -0.170886938372717      -3.049924238284168E-002
  0.140625000000000      -0.168897268065782      -2.712960848445714E-002
  0.148437500000000      -0.172276521908005      -2.201235030850394E-002
  0.156250000000000      -0.175153537480498      -2.140359254485063E-002
  0.164062500000000      -0.176958239616137      -2.208339415314627E-002
  0.171875000000000      -0.177840056347528      -2.226429428769266E-002
  0.179687500000000      -0.180098879453136      -2.236618029354659E-002
  0.187500000000000      -0.181229941153534      -2.443873306784614E-002
  0.195312500000000      -0.180774267503992      -2.564503424660278E-002
  0.203125000000000      -0.181505100171313      -2.614775270119133E-002
  0.210937500000000      -0.181404055071369      -2.695038533430637E-002
  0.218750000000000      -0.181732586845197      -2.600716477248181E-002
  0.226562500000000      -0.183475636656354      -2.611055957910233E-002
  0.234375000000000      -0.185076566556041      -2.641152320282987E-002
  0.242187500000000      -0.187732045197776      -2.709714950055158E-002
  0.250000000000000      -0.190210438001560      -2.887843619551429E-002
  0.257812500000000      -0.192435740914454      -3.202801549064897E-002
  0.265625000000000      -0.192267915241344      -3.430495848868857E-002
  0.273437500000000      -0.192814885160236      -3.588930156980528E-002
  0.281250000000000      -0.193143228559525      -3.644345359650393E-002
  0.289062500000000      -0.196307488484977      -3.697778238795186E-002
  0.296875000000000      -0.200105754469073      -3.900686267731792E-002
  0.304687500000000      -0.205405592112462      -4.353961097856355E-002
  0.312500000000000      -0.206008423759925      -5.150426920877352E-002
  0.320312500000000      -0.205149002381458      -5.782774729439018E-002
  0.328125000000000      -0.202399081878491      -6.399247272802705E-002
  0.335937500000000      -0.198354632083697      -6.679844405345157E-002
  0.343750000000000      -0.195407235284188      -6.967478375027025E-002
  0.351562500000000      -0.190586976378874      -7.160517193619366E-002
  0.359375000000000      -0.186266569033904      -6.636473663911993E-002
  0.367187500000000      -0.190584347380420      -6.398663591007381E-002
  0.375000000000000      -0.194828673038320      -6.504642665341702E-002
  0.382812500000000      -0.199246220992111      -6.769307055118273E-002
  0.390625000000000      -0.203522458436242      -7.394502363708055E-002
  0.398437500000000      -0.205563774289502      -8.096119579350533E-002
  0.406250000000000      -0.206926752660574      -8.950615128855122E-002
  0.414062500000000      -0.205896391474815      -0.103098678051642     
  0.421875000000000      -0.193526956999041      -0.110156709653493     
  0.429687500000000      -0.185233973847585      -0.111753764516885     
  0.437500000000000      -0.178988072720874      -0.111936139719958     
  0.445312500000000      -0.174054958586710      -0.110498196605318     
  0.453125000000000      -0.172813447957248      -0.109883892896625     
  0.460937500000000      -0.171720107865493      -0.110811302743630     
  0.468750000000000      -0.170900895785943      -0.112353529113649     
  0.476562500000000      -0.171643380118311      -0.114121148457195     
  0.484375000000000      -0.173411359553102      -0.122527769621503     
  0.492187500000000      -0.169884444971586      -0.133986012258529     
  0.500000000000000      -0.159235050917780      -0.147620032593771     
  0.507812500000000      -0.134825639537229      -0.157239132857220     
  0.515625000000000      -0.112822966408453      -0.139907028974429     
  0.523437500000000      -0.106469241152701      -0.128450097752692     
  0.531250000000000      -0.100538040464296      -0.118925177930094     
  0.539062500000000      -9.491672507008647E-002 -0.108039955747879     
  0.546875000000000      -9.153089924867069E-002 -9.134615204861737E-002
  0.554687500000000      -0.101085372613372      -7.971877838708349E-002
  0.562500000000000      -0.108661662827739      -7.416530147166801E-002
  0.570312500000000      -0.115281266033423      -7.082656439827180E-002
  0.578125000000000      -0.121502060708298      -6.888481118894457E-002
  0.585937500000000      -0.127976228533124      -6.911320738943390E-002
  0.593750000000000      -0.131853852351140      -7.070237562727022E-002
  0.601562500000000      -0.134937068440528      -7.199209452928773E-002
  0.609375000000000      -0.137741883779291      -7.325933188259942E-002
  0.617187500000000      -0.140675362960913      -7.470875245839510E-002
  0.625000000000000      -0.144316225706513      -7.819464068377247E-002
  0.632812500000000      -0.144357523535373      -8.238572662262024E-002
  0.640625000000000      -0.143468365176298      -8.550094710489368E-002
  0.648437500000000      -0.141773334893451      -8.804350336572739E-002
  0.656250000000000      -0.138858670151234      -8.996325227728313E-002
  0.664062500000000      -0.132861444068564      -8.954285574391926E-002
  0.671875000000000      -0.132820936180366      -8.310254736582265E-002
  0.679687500000000      -0.134925489332698      -8.015133631394253E-002
  0.687500000000000      -0.137417690739372      -7.825050429751436E-002
  0.695312500000000      -0.140253236723120      -7.690453299594709E-002
  0.703125000000000      -0.143651408402930      -7.598557224577175E-002
  0.710937500000000      -0.147840455984265      -7.657411394185554E-002
  0.718750000000000      -0.150786975312158      -7.781592583670213E-002
  0.726562500000000      -0.153662975158625      -7.888354556351702E-002
  0.734375000000000      -0.156901791672781      -7.996228609879831E-002
  0.742187500000000      -0.160951589579821      -8.140694017942326E-002
  0.750000000000000      -0.166430506306860      -8.444826551374791E-002
  0.757812500000000      -0.168900749707006      -9.182906620980076E-002
  0.765625000000000      -0.168996065141628      -9.648254288351632E-002
  0.773437500000000      -0.169047241967713      -0.100550606333925     
  0.781250000000000      -0.168797126260606      -0.104499089080292     
  0.789062500000000      -0.167949441697990      -0.108367810243472     
  0.796875000000000      -0.166281795510791      -0.112053419047810     
  0.804687500000000      -0.161700258957853      -0.114352441135216     
  0.812500000000000      -0.159070535571350      -0.112450389529615     
  0.820312500000000      -0.158784758754554      -0.109822861799682     
  0.828125000000000      -0.160332157233872      -0.106968216825732     
  0.835937500000000      -0.163676410141129      -0.103979300846203     
  0.843750000000000      -0.169064829599503      -0.100772710348774     
  0.851562500000000      -0.179147095489488      -9.408793791327776E-002
  0.859375000000000      -0.204268658387615      -0.101683360650589     
  0.867187500000000      -0.211267242917848      -0.125933362284144     
  0.875000000000000      -0.206740027792727      -0.140843589131605     
  0.882812500000000      -0.202696042022629      -0.149826009163106     
  0.890625000000000      -0.199941028533301      -0.157168881560309     
  0.898437500000000      -0.197369779368269      -0.164335089000337     
  0.906250000000000      -0.193251297287541      -0.169599737894217     
  0.914062500000000      -0.192291101736344      -0.173208952340418     
  0.921875000000000      -0.192749696242565      -0.177863386453515     
  0.929687500000000      -0.193991640051417      -0.183663639909059     
  0.937500000000000      -0.195697308154814      -0.190828346566304     
  0.945312500000000      -0.197571595687793      -0.199693112796302     
  0.953125000000000      -0.199194842595951      -0.210834334257057     
  0.960937500000000      -0.198143940273782      -0.225569202231575     
  0.968750000000000      -0.193773234066418      -0.238760681327128     
  0.976562500000000      -0.188682014972319      -0.252089044956249     
  0.984375000000000      -0.182254507298382      -0.266237082028566     
  0.992187500000000      -0.173751013173504      -0.281466602089237     
   1.00000000000000      -0.162067067746554      -0.297812889567702     
   1.00781250000000      -0.145331134917399      -0.314884035669925     
   1.01562500000000      -0.118774331238387      -0.330807616278216     
   1.02343750000000      -8.935703792657598E-002 -0.327539312516768     
   1.03125000000000      -6.905345097015507E-002 -0.322358987539051     
   1.03906250000000      -5.166079167624262E-002 -0.316547770702438     
   1.04687500000000      -3.596551113136034E-002 -0.309977363942033     
   1.05468750000000      -2.148045569888671E-002 -0.302359190491384     
   1.06250000000000      -8.124264313529365E-003 -0.293224881181120     
   1.07031250000000       3.684574087741819E-003 -0.281743867673539     
   1.07812500000000       9.932927385466778E-003 -0.265356285270413     
   1.08593750000000       8.807764619015427E-003 -0.257481521546400     
   1.09375000000000       1.009850934525157E-002 -0.253181446109062     
   1.10156250000000       1.291821938402087E-002 -0.250427775698750     
   1.10937500000000       1.720406038283571E-002 -0.248472233011075     
   1.11718750000000       2.307159607041117E-002 -0.246710754905567     
   1.12500000000000       3.068915647649830E-002 -0.244416868443311     
   1.13281250000000       4.017811404053469E-002 -0.240500967155441     
   1.14062500000000       5.180817212566501E-002 -0.232502516702636     
   1.14843750000000       5.588436962693354E-002 -0.218859153497991     
   1.15625000000000       5.694958840657550E-002 -0.209232185427617     
   1.16406250000000       5.725293262647584E-002 -0.201366196894705     
   1.17187500000000       5.718954310254661E-002 -0.194687063695607     
   1.17968750000000       5.692253048031365E-002 -0.188911576432702     
   1.18750000000000       5.652777782333579E-002 -0.183884654909335     
   1.19531250000000       5.603409027823138E-002 -0.179541823221908     
   1.20312500000000       5.542422836840361E-002 -0.175958776813392     
   1.21093750000000       5.535124364318410E-002 -0.173911814225604     
   1.21875000000000       5.666974025279067E-002 -0.171358055509853     
   1.22656250000000       5.808443735789873E-002 -0.168474177116967     
   1.23437500000000       5.955776400532094E-002 -0.165429417011484     
   1.24218750000000       6.105539034823330E-002 -0.162253247492185     
   1.25000000000000       6.253535247095383E-002 -0.158947151914957     
   1.25781250000000       6.394346533689373E-002 -0.155509292572450     
   1.26562500000000       6.520629957860020E-002 -0.151946353972692     
   1.27343750000000       6.619932461441121E-002 -0.148284283410967     
   1.28125000000000       6.655435759183889E-002 -0.144993151044426     
   1.28906250000000       6.751896791902870E-002 -0.142345593308492     
   1.29687500000000       6.886592970535663E-002 -0.139500978863141     
   1.30468750000000       7.039828420481396E-002 -0.136396696112687     
   1.31250000000000       7.201094005750128E-002 -0.132986902524777     
   1.32031250000000       7.361313599490475E-002 -0.129225929349052     
   1.32812500000000       7.510351479330815E-002 -0.125064071053133     
   1.33593750000000       7.634819175920772E-002 -0.120443408708772     
   1.34375000000000       7.713549938602368E-002 -0.115280665461753     
   1.35156250000000       7.690791839420799E-002 -0.109301494573319     
   1.35937500000000       7.440990055709967E-002 -0.104992863703049     
   1.36718750000000       7.290638410337473E-002 -0.101870208171851     
   1.37500000000000       7.183671628740534E-002 -9.899040130284832E-002
   1.38281250000000       7.105188733811295E-002 -9.617921195838045E-002
   1.39062500000000       7.047273879260108E-002 -9.332490080217590E-002
   1.39843750000000       7.003030143356326E-002 -9.032301098338816E-002
   1.40625000000000       6.962896240450589E-002 -8.705787646508924E-002
   1.41406250000000       6.909798759299632E-002 -8.340335107528009E-002
   1.42187500000000       6.810865816925206E-002 -7.926229465608481E-002
   1.42968750000000       6.590099330686722E-002 -7.460856485716245E-002
   1.43750000000000       6.238796287608362E-002 -7.207553420513885E-002
   1.44531250000000       5.982015669632076E-002 -7.017956721441065E-002
   1.45312500000000       5.759718768870985E-002 -6.848790559460047E-002
   1.46093750000000       5.558464894374888E-002 -6.691743124255693E-002
   1.46875000000000       5.371307391703134E-002 -6.542708146012240E-002
   1.47656250000000       5.193486987448218E-002 -6.399135647049942E-002
   1.48437500000000       5.020939115024479E-002 -6.259235632440081E-002
   1.49218750000000       4.849335102999312E-002 -6.121710619073316E-002
   1.50000000000000       4.672761021981829E-002 -5.985795018213999E-002
   1.50781250000000       4.479327114287687E-002 -5.851880786242324E-002
   1.51562500000000       4.244660460605450E-002 -5.768778309881650E-002
   1.52343750000000       4.061359902808055E-002 -5.731833013126976E-002
   1.53125000000000       3.904135931543780E-002 -5.697979404611732E-002
   1.53906250000000       3.763363341370753E-002 -5.665650464479255E-002
   1.54687500000000       3.634534650333314E-002 -5.634148707072019E-002
   1.55468750000000       3.514619135023248E-002 -5.603111614152778E-002
   1.56250000000000       3.401056243467919E-002 -5.572452190724227E-002
   1.57031250000000       3.291238724015159E-002 -5.542511618517147E-002
   1.57812500000000       3.182077639615726E-002 -5.514504700867044E-002
   1.58593750000000       3.069386298418351E-002 -5.491711109130644E-002
   1.59375000000000       2.945881902661307E-002 -5.484303782812910E-002
   1.60156250000000       2.846328669904495E-002 -5.537242166281749E-002
   1.60937500000000       2.800492114618783E-002 -5.566575907061701E-002
   1.61718750000000       2.765540825339977E-002 -5.580627626435397E-002
   1.62500000000000       2.738304344854582E-002 -5.585696695893467E-002
   1.63281250000000       2.717699249728074E-002 -5.584263511725232E-002
   1.64062500000000       2.703480981206397E-002 -5.577634541871042E-002
   1.64843750000000       2.696078203451162E-002 -5.566498116317977E-002
   1.65625000000000       2.696755077853447E-002 -5.550940533822162E-002
   1.66406250000000       2.708052460021286E-002 -5.529970192772168E-002
   1.67187500000000       2.734615932181121E-002 -5.499927600454112E-002
   1.67968750000000       2.784585691927722E-002 -5.448974532514173E-002
   1.68750000000000       2.859429720343793E-002 -5.308453467188248E-002
   1.69531250000000       2.792441034131149E-002 -5.160655012619754E-002
   1.70312500000000       2.722338156960580E-002 -5.064857728322076E-002
   1.71093750000000       2.654358727415553E-002 -4.989424617707424E-002
   1.71875000000000       2.589519843911452E-002 -4.926158992561733E-002
   1.72656250000000       2.528072737481895E-002 -4.871137850503496E-002
   1.73437500000000       2.470039201116082E-002 -4.822101949733413E-002
   1.74218750000000       2.415395089082118E-002 -4.777638283949601E-002
   1.75000000000000       2.364178077493201E-002 -4.736848393614988E-002
   1.75781250000000       2.316614497144660E-002 -4.699209205624652E-002
   1.76562500000000       2.273387389178814E-002 -4.664554620209562E-002
   1.77343750000000       2.236527441580865E-002 -4.633249021384012E-002
   1.78125000000000       2.218995855294028E-002 -4.607607965171948E-002
   1.78906250000000       2.204250602607709E-002 -4.538387369430864E-002
   1.79687500000000       2.168310653837238E-002 -4.471004787788857E-002
   1.80468750000000       2.123890891854282E-002 -4.406108667367280E-002
   1.81250000000000       2.073457352476874E-002 -4.343750610432796E-002
   1.82031250000000       2.017968522021858E-002 -4.284017070184828E-002
   1.82812500000000       1.957791987666770E-002 -4.227055922784365E-002
   1.83593750000000       1.892951517269391E-002 -4.173086341748391E-002
   1.84375000000000       1.823179879506514E-002 -4.122418483886907E-002
   1.85156250000000       1.747855186253787E-002 -4.075498774668682E-002
   1.85937500000000       1.665773671175124E-002 -4.033017547367094E-002
   1.86718750000000       1.574492900222921E-002 -3.996205181173460E-002
   1.87500000000000       1.467734327556220E-002 -3.967998942675497E-002
   1.88281250000000       1.328274517015693E-002 -3.987357819002645E-002
   1.89062500000000       1.250428543711608E-002 -4.049385607290441E-002
   1.89843750000000       1.199931382279303E-002 -4.102749829139882E-002
   1.90625000000000       1.166037552047544E-002 -4.150057047413645E-002
   1.91406250000000       1.144838919308161E-002 -4.191624155285374E-002
   1.92187500000000       1.134124441356173E-002 -4.227186106278195E-002
   1.92968750000000       1.132325477223585E-002 -4.256199393066907E-002
   1.93750000000000       1.138121371685926E-002 -4.277937645126946E-002
   1.94531250000000       1.150235812395584E-002 -4.291527636453937E-002
   1.95312500000000       1.167299681836448E-002 -4.295956220309900E-002
   1.96093750000000       1.187732629226272E-002 -4.290039906249883E-002
   1.96875000000000       1.209612141981769E-002 -4.272286124679571E-002
   1.97656250000000       1.230481608614803E-002 -4.240262136974871E-002
   1.98437500000000       1.246502730894509E-002 -4.181925898099340E-002
   1.99218750000000       1.210571642551705E-002 -4.128737465681188E-002
   2.00000000000000       1.177152886621139E-002 -4.098252343881813E-002
   2.00781250000000       1.146044854729132E-002 -4.075690871880059E-002
   2.01562500000000       1.116808499632146E-002 -4.057630134456236E-002
   2.02343750000000       1.089056936353007E-002 -4.042505226467483E-002
   2.03125000000000       1.062430065910052E-002 -4.029471451830831E-002
   2.03906250000000       1.036570290731796E-002 -4.018060691634239E-002
   2.04687500000000       1.011101750405853E-002 -4.008054002210097E-002
   2.05468750000000       9.856088287030633E-003 -3.999443289758615E-002
   2.06250000000000       9.596076129279854E-003 -3.992452020088459E-002
   2.07031250000000       9.324972106600290E-003 -3.987630953830582E-002
   2.07812500000000       9.034527794271014E-003 -3.986124771880601E-002
   2.08593750000000       8.710947581945456E-003 -3.990572405216770E-002
   2.09375000000000       8.316600482443488E-003 -4.014836390644194E-002
   2.10156250000000       8.325485071041680E-003 -4.051294369493265E-002
   2.10937500000000       8.412250712666760E-003 -4.071317746549668E-002
   2.11718750000000       8.533137018131211E-003 -4.083457662755736E-002
   2.12500000000000       8.674226635392860E-003 -4.089715051339116E-002
   2.13281250000000       8.827196536183293E-003 -4.091072463961558E-002
   2.14062500000000       8.985909192331203E-003 -4.088145198580967E-002
   2.14843750000000       9.145253749721803E-003 -4.081384993463577E-002
   2.15625000000000       9.300608027836233E-003 -4.071170461401211E-002
   2.16406250000000       9.447521922533330E-003 -4.057859949750911E-002
   2.17187500000000       9.581472463768099E-003 -4.041833672236345E-002
   2.17968750000000       9.697595093261581E-003 -4.023541962396789E-002
   2.18750000000000       9.790255787321322E-003 -4.003584156593499E-002
   2.19531250000000       9.852080013744286E-003 -3.982888671761649E-002
   2.20312500000000       9.870450345378793E-003 -3.963358061589565E-002
   2.21093750000000       9.863479895660299E-003 -3.955247269853903E-002
   2.21875000000000       9.995439217342248E-003 -3.946764819678298E-002
   2.22656250000000       1.015519016414772E-002 -3.933099642909709E-002
   2.23437500000000       1.032788796588689E-002 -3.915611460961349E-002
   2.24218750000000       1.050695448633982E-002 -3.894695719629423E-002
   2.25000000000000       1.068794769346434E-002 -3.870518255147054E-002
   2.25781250000000       1.086723245524693E-002 -3.843151867827402E-002
   2.26562500000000       1.104147218408558E-002 -3.812620540050488E-002
   2.27343750000000       1.120735772469042E-002 -3.778916649000875E-002
   2.28125000000000       1.136140644046674E-002 -3.742006626381678E-002
   2.28906250000000       1.149975055511307E-002 -3.701828787569387E-002
   2.29687500000000       1.161783279511682E-002 -3.658281652034852E-002
   2.30468750000000       1.170984803317063E-002 -3.611193673182322E-002
   2.31250000000000       1.176745674576185E-002 -3.560242448897943E-002
   2.32031250000000       1.177570593056048E-002 -3.504675349370470E-002
   2.32812500000000       1.168135697528852E-002 -3.440933352364896E-002
   2.33593750000000       1.138009659325109E-002 -3.396517904303632E-002
   2.34375000000000       1.119076369095610E-002 -3.360271671082930E-002
   2.35156250000000       1.103545235480105E-002 -3.324528251407319E-002
   2.35937500000000       1.089395763476607E-002 -3.288258089009844E-002
   2.36718750000000       1.075555746280692E-002 -3.251069561964733E-002
   2.37500000000000       1.061304378044201E-002 -3.212789302969252E-002
   2.38281250000000       1.046082303377927E-002 -3.173341925131318E-002
   2.39062500000000       1.029406313778702E-002 -3.132702620717998E-002
   2.39843750000000       1.010819561281383E-002 -3.090874314010871E-002
   2.40625000000000       9.898528831868508E-003 -3.047874273422866E-002
   2.41406250000000       9.659835076700932E-003 -3.003723855128937E-002
   2.42187500000000       9.385761369298680E-003 -2.958437195377896E-002
   2.42968750000000       9.067770018512266E-003 -2.912003159545206E-002
   2.43750000000000       8.692780130737515E-003 -2.864346136050383E-002
   2.44531250000000       8.236192574706517E-003 -2.815208498852385E-002
   2.45312500000000       7.622723224812561E-003 -2.763472127117064E-002
   2.46093750000000       6.746980464219903E-003 -2.746799668479325E-002
   2.46875000000000       6.123715080330687E-003 -2.748013136452009E-002
   2.47656250000000       5.594814535566201E-003 -2.751585403707421E-002
   2.48437500000000       5.123457357299766E-003 -2.756778423603685E-002
   2.49218750000000       4.693676181319056E-003 -2.763321888239908E-002
   2.50000000000000       4.296651471949699E-003 -2.771116668085376E-002
   2.53125000000000       2.956875389689740E-003 -2.815497864517542E-002
   2.56250000000000       2.027480690641020E-003 -2.887364597949547E-002
   2.59375000000000       2.046415433396130E-003 -2.946228156973571E-002
   2.62500000000000       1.730733664446375E-003 -2.943912803157884E-002
   2.65625000000000       1.399737670803254E-003 -2.954833514942012E-002
   2.68750000000000       1.072223670252177E-003 -2.976603752627898E-002
   2.71875000000000       1.138965275592364E-003 -3.088203690928786E-002
   2.75000000000000       2.408059446930956E-003 -2.936396619232108E-002
   2.78125000000000       1.753205686970186E-003 -2.858899996588613E-002
   2.81250000000000       1.093435106093212E-003 -2.825998149432275E-002
   2.84375000000000       4.665725401372495E-004 -2.817677302532979E-002
   2.87500000000000      -1.062993135195168E-004 -2.844290507232198E-002
   2.90625000000000      -1.382535697550473E-004 -2.871666229391595E-002
   2.93750000000000      -1.058427404347697E-004 -2.881835223118397E-002
   2.96875000000000      -1.291883031928457E-005 -2.883637423511289E-002
   3.00000000000000       1.518885122609573E-004 -2.877834054087153E-002
   3.03125000000000       5.033787070161880E-004 -2.853956548852021E-002
   3.06250000000000       5.721282468067577E-004 -2.795354231249153E-002
   3.09375000000000       4.657001698942741E-004 -2.738064887836100E-002
   3.12500000000000       2.062527708892611E-004 -2.676929341327002E-002
   3.15625000000000      -2.836204167360044E-004 -2.610148564486256E-002
   3.18750000000000      -1.353361205343572E-003 -2.536112074399334E-002
   3.21875000000000      -2.666946977838550E-003 -2.594285951375067E-002
   3.25000000000000      -3.334278331218494E-003 -2.668431920821344E-002
   3.28125000000000      -3.685674337036797E-003 -2.753207587612951E-002
   3.31250000000000      -3.708615411645356E-003 -2.846656210944851E-002
   3.34375000000000      -3.293319034169174E-003 -2.943533672210982E-002
   3.37500000000000      -2.237638937926479E-003 -2.988978505722680E-002
   3.40625000000000      -1.459711129830603E-003 -2.985102609015085E-002
   3.43750000000000      -7.543247589523894E-004 -2.966013311101886E-002
   3.46875000000000      -8.533301839705226E-005 -2.928432763966240E-002
   3.50000000000000       5.279171234399071E-004 -2.866501529327985E-002
   3.53125000000000       1.007368398161035E-003 -2.762002923526881E-002
   3.56250000000000       4.213605300355351E-004 -2.650482070874731E-002
   3.59375000000000      -1.812259514622775E-004 -2.603864379974779E-002
   3.62500000000000      -7.409297769141428E-004 -2.576306705636642E-002
   3.65625000000000      -1.300568394641831E-003 -2.561076026980133E-002
   3.68750000000000      -1.907015450634229E-003 -2.557706397823806E-002
   3.71875000000000      -2.683601416686079E-003 -2.576354258168614E-002
   3.75000000000000      -3.013484012783728E-003 -2.657723303776021E-002
   3.78125000000000      -2.974450424944262E-003 -2.711858280977032E-002
   3.81250000000000      -2.811113591972981E-003 -2.753494696483431E-002
   3.84375000000000      -2.555612592852374E-003 -2.783476435215285E-002
   3.87500000000000      -2.237336449218438E-003 -2.798799714067242E-002
   3.90625000000000      -1.921687706544528E-003 -2.790564621523754E-002
   3.93750000000000      -2.134121583682482E-003 -2.769223918313847E-002
   3.96875000000000      -2.312829880749706E-003 -2.796492705985911E-002
   4.00000000000000      -2.330266357988935E-003 -2.834190209628401E-002
   4.03125000000000      -2.212683321627732E-003 -2.876674267251434E-002
   4.06250000000000      -1.958666107616105E-003 -2.921328279165162E-002
   4.09375000000000      -1.545185261611349E-003 -2.966216667740502E-002
   4.12500000000000      -8.283265760184964E-004 -3.008749143407149E-002
   4.15625000000000      -9.909681834023614E-005 -2.996132847909970E-002
   4.18750000000000       4.321093037597689E-004 -2.982127093565407E-002
   4.21875000000000       9.023171404934796E-004 -2.966640102526567E-002
   4.25000000000000       1.341580807573493E-003 -2.949614120018098E-002
   4.28125000000000       1.766455165009260E-003 -2.931023753801761E-002
   4.31250000000000       2.194962952652203E-003 -2.910929315321264E-002
   4.34375000000000       2.706751381611800E-003 -2.887953449586178E-002
   4.37500000000000       3.154698817054643E-003 -2.842153219200278E-002
   4.40625000000000       3.482447796718029E-003 -2.793905746029810E-002
   4.43750000000000       3.732901116592253E-003 -2.743377964645918E-002
   4.46875000000000       3.911730597208337E-003 -2.690304529561630E-002
   4.50000000000000       4.012976424335036E-003 -2.634074997642039E-002
   4.53125000000000       4.015562499788156E-003 -2.573276218949426E-002
   4.56250000000000       3.838402300669722E-003 -2.502538382839628E-002
   4.59375000000000       3.208445874379412E-003 -2.464854589883145E-002
   4.62500000000000       2.798556304563917E-003 -2.456497640429777E-002
   4.65625000000000       2.481456635632593E-003 -2.455425413351717E-002
   4.68750000000000       2.220228186339934E-003 -2.459576917987182E-002
   4.71875000000000       1.999031623049001E-003 -2.468533284208997E-002
   4.75000000000000       1.810117198595940E-003 -2.482847814762230E-002
   4.78125000000000       1.651840049877019E-003 -2.504724681275298E-002
   4.81250000000000       1.614964190170650E-003 -2.545468721604481E-002
   4.84375000000000       1.847865505035534E-003 -2.570198533766921E-002
   4.87500000000000       2.074594664166898E-003 -2.584737183836278E-002
   4.90625000000000       2.304412875772472E-003 -2.594298044047713E-002
   4.93750000000000       2.539135848226509E-003 -2.600345284919025E-002
   4.96875000000000       2.779480546782651E-003 -2.603515517045122E-002
   5.00000000000000       3.026316222775211E-003 -2.604061439030327E-002
   5.03125000000000       3.282163907839753E-003 -2.601855262826193E-002
   5.06250000000000       3.551499170670387E-003 -2.593925335817240E-002
   5.09375000000000       3.753455677756758E-003 -2.583194654614398E-002
   5.12500000000000       3.940382090792122E-003 -2.573419557513162E-002
   5.15625000000000       4.118271024697138E-003 -2.563677986132886E-002
   5.18750000000000       4.288413302765736E-003 -2.553819581964331E-002
   5.21875000000000       4.451143399557389E-003 -2.543863640611766E-002
   5.25000000000000       4.606365379177801E-003 -2.533922415210879E-002
   5.28125000000000       4.753573557452965E-003 -2.524223418754180E-002
   5.31250000000000       4.890939829201068E-003 -2.515362443359220E-002
   5.34375000000000       5.042537515129192E-003 -2.508863774308664E-002
   5.37500000000000       5.209118971494669E-003 -2.501039746873078E-002
   5.40625000000000       5.377980260309884E-003 -2.492502748048380E-002
   5.43750000000000       5.548063014912378E-003 -2.483478925632810E-002
   5.46875000000000       5.719380544017605E-003 -2.474099770079364E-002
   5.50000000000000       5.892697272499884E-003 -2.464480318891877E-002
   5.53125000000000       6.069906981457551E-003 -2.454756413117517E-002
   5.56250000000000       6.255691430516708E-003 -2.445147003218868E-002
   5.59375000000000       6.470795919223737E-003 -2.436343838610120E-002
   5.62500000000000       6.718436362569574E-003 -2.418819983171831E-002
   5.65625000000000       6.914429329857882E-003 -2.399031094011740E-002
   5.68750000000000       7.085651371759712E-003 -2.378344933945211E-002
   5.71875000000000       7.235913839398353E-003 -2.356946555124029E-002
   5.75000000000000       7.365584388682843E-003 -2.334940048416548E-002
   5.78125000000000       7.473044570387347E-003 -2.312403845813559E-002
   5.81250000000000       7.554315634958283E-003 -2.289412288529927E-002
   5.84375000000000       7.600602764672940E-003 -2.266057830393381E-002
   5.87500000000000       7.584701930020162E-003 -2.242529016984856E-002
   5.90625000000000       7.478588434977116E-003 -2.233707761120329E-002
   5.93750000000000       7.497998577049679E-003 -2.230892202458787E-002
   5.96875000000000       7.561273857226727E-003 -2.227208040407304E-002
   6.00000000000000       7.650717926294886E-003 -2.222726780247244E-002
   6.03125000000000       7.759304736778255E-003 -2.217470315131278E-002
   6.06250000000000       7.883700365156121E-003 -2.211440459714809E-002
   6.09375000000000       8.022734288111134E-003 -2.204621155863172E-002
   6.12500000000000       8.177427754667276E-003 -2.196965811959545E-002
   6.15625000000000       8.353008563006270E-003 -2.188344525865640E-002
   6.18750000000000       8.576554422605779E-003 -2.178099446789549E-002
   6.21875000000000       8.785064913164699E-003 -2.154707372589449E-002
   6.25000000000000       8.921478341533357E-003 -2.132010342938930E-002
   6.28125000000000       9.030564170922623E-003 -2.109684108962850E-002
   6.31250000000000       9.119070290636858E-003 -2.087521057864088E-002
   6.34375000000000       9.189128067715388E-003 -2.065433912316689E-002
   6.37500000000000       9.240825979518181E-003 -2.043376538650418E-002
   6.40625000000000       9.272637042741071E-003 -2.021318947947100E-002
   6.43750000000000       9.280870184257405E-003 -1.999232519988300E-002
   6.46875000000000       9.257246586020061E-003 -1.977066825338265E-002
   6.50000000000000       9.175181952752227E-003 -1.954631463554709E-002
   6.53125000000000       8.997728738531193E-003 -1.946096046970928E-002
   6.56250000000000       8.930501909470222E-003 -1.944519519081756E-002
   6.59375000000000       8.904998511903945E-003 -1.943316146474656E-002
   6.62500000000000       8.905588867873097E-003 -1.942351316191774E-002
   6.65625000000000       8.926044992247733E-003 -1.941580648422885E-002
   6.68750000000000       8.963382662751533E-003 -1.940991736736913E-002
   6.71875000000000       9.016349590371600E-003 -1.940591185108079E-002
   6.75000000000000       9.085060344262730E-003 -1.940403356420826E-002
   6.78125000000000       9.171348329300376E-003 -1.940478147371631E-002
   6.81250000000000       9.280723427284402E-003 -1.940921964634128E-002
   6.84375000000000       9.440329103432690E-003 -1.942152986253868E-002
   6.87500000000000       9.627571224820197E-003 -1.932684949777684E-002
   6.90625000000000       9.766192997832107E-003 -1.922248617612606E-002
   6.93750000000000       9.888784015888351E-003 -1.911583321140419E-002
   6.96875000000000       1.000148569818542E-002 -1.900794785052341E-002
   7.00000000000000       1.010699847784772E-002 -1.889938056311736E-002
   7.03125000000000       1.020673827513875E-002 -1.879050233633200E-002
   7.06250000000000       1.030145343906699E-002 -1.868161367396548E-002
   7.09375000000000       1.039142460023400E-002 -1.857300322654179E-002
   7.12500000000000       1.047644293618527E-002 -1.846500469073613E-002
   7.15625000000000       1.055543392110131E-002 -1.835810914237199E-002
   7.18750000000000       1.062411082709656E-002 -1.825347527476420E-002
   7.21875000000000       1.068339387074525E-002 -1.817727319266278E-002
   7.25000000000000       1.076572492591882E-002 -1.810769376572689E-002
   7.28125000000000       1.085642857990966E-002 -1.803662837314994E-002
   7.31250000000000       1.095308854010307E-002 -1.796459443592628E-002
   7.34375000000000       1.105499366021213E-002 -1.789180233582774E-002
   7.37500000000000       1.116207966100454E-002 -1.781835863923711E-002
   7.40625000000000       1.127470837166667E-002 -1.774431777937137E-002
   7.43750000000000       1.139367764020323E-002 -1.766969893436895E-002
   7.46875000000000       1.152041109235338E-002 -1.759448768181774E-002
   7.50000000000000       1.165750070944640E-002 -1.751862127544781E-002
   7.53125000000000       1.181047144796213E-002 -1.744192681138479E-002
   7.56250000000000       1.199960874597103E-002 -1.736366772357106E-002
   7.59375000000000       1.221093905618150E-002 -1.718790309873234E-002
   7.62500000000000       1.236074862030782E-002 -1.700006679336146E-002
   7.65625000000000       1.248848167057592E-002 -1.681284256379453E-002
   7.68750000000000       1.260106850504046E-002 -1.662593335888820E-002
   7.71875000000000       1.270138262753087E-002 -1.643920161596824E-002
   7.75000000000000       1.279078085785467E-002 -1.625256083971126E-002
   7.78125000000000       1.286978249528648E-002 -1.606594210896013E-002
   7.81250000000000       1.293826423967142E-002 -1.587927631920336E-002
   7.84375000000000       1.299541081771196E-002 -1.569247726130522E-002
   7.87500000000000       1.303937407885957E-002 -1.550541355285972E-002
   7.90625000000000       1.306618641399900E-002 -1.531783755711716E-002
   7.93750000000000       1.306502411747041E-002 -1.512908529532816E-002
   7.96875000000000       1.299446808571430E-002 -1.499024314373136E-002
   8.00000000000000       1.297982085511301E-002 -1.492268806695188E-002
   8.03125000000000       1.299439144593143E-002 -1.485744766311454E-002
   8.06250000000000       1.302543997897234E-002 -1.479371845609011E-002
   8.09375000000000       1.306846290484274E-002 -1.473123526804938E-002
   8.12500000000000       1.312125499292141E-002 -1.466988833951361E-002
   8.15625000000000       1.318262448292561E-002 -1.460964326022066E-002
   8.18750000000000       1.325194876433474E-002 -1.455051667389592E-002
   8.21875000000000       1.332899737524521E-002 -1.449257214488732E-002
   8.25000000000000       1.341388084938234E-002 -1.443593039478420E-002
   8.28125000000000       1.350710725005291E-002 -1.438080180825574E-002
   8.31250000000000       1.360985088789029E-002 -1.432757975883137E-002
   8.34375000000000       1.372515077495387E-002 -1.427722238594350E-002
   8.37500000000000       1.386858616411190E-002 -1.422020010687833E-002
   8.40625000000000       1.400876248362351E-002 -1.413873406440749E-002
   8.43750000000000       1.414704123139568E-002 -1.405490199745101E-002
   8.46875000000000       1.428763324415939E-002 -1.396992768782058E-002
   8.50000000000000       1.443249193936124E-002 -1.388427858188854E-002
   8.53125000000000       1.458311844239180E-002 -1.379822751317645E-002
   8.56250000000000       1.474098826480730E-002 -1.371197386015116E-002
   8.59375000000000       1.490777403081676E-002 -1.362569065756441E-002
   8.62500000000000       1.508555878762926E-002 -1.353955238976199E-002
   8.65625000000000       1.527714322076057E-002 -1.345376103472722E-002
   8.68750000000000       1.548660828024241E-002 -1.336858409434630E-002
   8.71875000000000       1.572056979255662E-002 -1.328443287634825E-002
   8.75000000000000       1.599182655078106E-002 -1.320208634179905E-002
   8.78125000000000       1.633843153305530E-002 -1.312386887935468E-002
   8.81250000000000       1.681368711752265E-002 -1.285398242465763E-002
   8.84375000000000       1.713086010213261E-002 -1.248672128269341E-002
   8.87500000000000       1.738707153403391E-002 -1.211512174767287E-002
   8.90625000000000       1.760490681286122E-002 -1.174070201914465E-002
   8.93750000000000       1.779395213765421E-002 -1.136413928994441E-002
   8.96875000000000       1.795959905435809E-002 -1.098583519611543E-002
   9.00000000000000       1.810534837407270E-002 -1.060606511645596E-002
   9.03125000000000       1.823370888084471E-002 -1.022503682376465E-002
   9.06250000000000       1.834664052183328E-002 -9.842919479590255E-003
   9.09375000000000       1.844582723761014E-002 -9.459861331892812E-003
   9.12500000000000       1.853290588654345E-002 -9.076004206747531E-003
   9.15625000000000       1.860976380080628E-002 -8.691501876503815E-003
   9.18750000000000       1.867916429656644E-002 -8.306558647148493E-003
   9.21875000000000       1.874700248400737E-002 -7.921571956621890E-003
   9.25000000000000       1.884036237859180E-002 -7.516151484485784E-003
   9.28125000000000       1.889084281735384E-002 -7.058438616764925E-003
   9.31250000000000       1.890518576943767E-002 -6.598165468068649E-003
   9.34375000000000       1.889227703799636E-002 -6.136225211820622E-003
   9.37500000000000       1.885471567653511E-002 -5.673029786845569E-003
   9.40625000000000       1.879341532052495E-002 -5.208861370218214E-003
   9.43750000000000       1.870845244670931E-002 -4.743944901416275E-003
   9.46875000000000       1.859930878279257E-002 -4.278474481833705E-003
   9.50000000000000       1.846490891933120E-002 -3.812625602105650E-003
   9.53125000000000       1.830353308439418E-002 -3.346561457302616E-003
   9.56250000000000       1.811258888761217E-002 -2.880435908205897E-003
   9.59375000000000       1.788813711971079E-002 -2.414393257746547E-003
   9.62500000000000       1.762385950518966E-002 -1.948562175615049E-003
   9.65625000000000       1.730840413659058E-002 -1.483031817400344E-003
   9.68750000000000       1.691569608918839E-002 -1.017740514964500E-003
   9.71875000000000       1.630998020661187E-002 -6.275211144756151E-004
   9.75000000000000       1.581896039255003E-002 -5.337539193500680E-004
   9.78125000000000       1.543583792201949E-002 -4.422176697378131E-004
   9.81250000000000       1.510193298941646E-002 -3.518663197416352E-004
   9.84375000000000       1.479914613694600E-002 -2.623622351118450E-004
   9.87500000000000       1.451831225189901E-002 -1.735310518019936E-004
   9.90625000000000       1.425381393439891E-002 -8.526615802698060E-005
   9.93750000000000       1.400179337816639E-002  2.503558616352637E-006
   9.96875000000000       1.375937084365441E-002  8.982780673821446E-005
   10.0000000000000       1.352423533912045E-002  1.767419766874615E-004
   10.0312500000000       1.329439117341135E-002  2.632709378574419E-004
   10.0625000000000       1.306796300659463E-002  3.494309759497788E-004
   10.0937500000000       1.284299060019814E-002  4.352303335519244E-004
   10.1250000000000       1.261711127059823E-002  5.206680617921744E-004
   10.1562500000000       1.238683120077664E-002  6.057291992863652E-004
   10.1875000000000       1.214477609420040E-002  6.903649315958399E-004
   10.2187500000000       1.186189668915845E-002  7.459524355952903E-004
   10.2500000000000       1.162062479885688E-002  7.481410205090303E-004
   10.2812500000000       1.140497913382835E-002  7.503833086919156E-004
   10.3125000000000       1.120435549333264E-002  7.526232816563358E-004
   10.3437500000000       1.101487350041292E-002  7.548451331008694E-004
   10.3750000000000       1.083439277574316E-002  7.570429834651781E-004
   10.4062500000000       1.066151235803993E-002  7.592149171921565E-004
   10.4375000000000       1.049522095793552E-002  7.613609549785523E-004
   10.4687500000000       1.033474033741803E-002  7.634821759962790E-004
   10.5000000000000       1.017944367201292E-002  7.655802725717116E-004
   10.5312500000000       1.002880821610280E-002  7.676572848727066E-004
   10.5625000000000       9.882385472741633E-003  7.697153982626990E-004
   10.5937500000000       9.739780953449306E-003  7.717567160116586E-004
   10.6250000000000       9.600639269263619E-003  7.737828785571360E-004
   10.6562500000000       9.464631597034272E-003  7.757941978885736E-004
   10.6875000000000       9.331441361786208E-003  7.777870149357027E-004
   10.7187500000000       9.200725394574375E-003  7.797392532637366E-004
   10.7500000000000       9.072302110290722E-003  7.812942012050902E-004
   10.7812500000000       8.946286103750669E-003  7.828829664850062E-004
   10.8125000000000       8.822150651254820E-003  7.845850090511332E-004
   10.8437500000000       8.699565047223119E-003  7.863949786903532E-004
   10.8750000000000       8.578200153968905E-003  7.883201158605815E-004
   10.9062500000000       8.457700444471972E-003  7.903742976218230E-004
   10.9375000000000       8.337662754867494E-003  7.925775350778834E-004
   10.9687500000000       8.217609922774356E-003  7.949571687124953E-004
   11.0000000000000       8.096952510149837E-003  7.975504325762205E-004
   11.0312500000000       7.974928637583862E-003  8.004089217094979E-004
   11.0625000000000       7.850503093279820E-003  8.036063563678587E-004
   11.0937500000000       7.722185862722751E-003  8.072527492864038E-004
   11.1250000000000       7.587676601173248E-003  8.115223512763423E-004
   11.1562500000000       7.443084844795072E-003  8.167151943870454E-004
   11.1875000000000       7.280921566394807E-003  8.234161303669581E-004
   11.2187500000000       7.083422960761567E-003  8.330254160473898E-004
   11.2500000000000       6.785689947838468E-003  8.507041827515139E-004
   11.2812500000000       6.307236617776391E-003  5.170958657668039E-007
   11.3125000000000       6.712027030170209E-003  4.475337714908922E-007
   11.3437500000000       6.797597888467385E-003  4.229419735310138E-007
   11.3750000000000       6.822340826215516E-003  4.070782046335832E-007
   11.4062500000000       6.821005416724899E-003  3.950740377419530E-007
   11.4375000000000       6.805482069998665E-003  3.852621170736623E-007
   11.4687500000000       6.781259574405133E-003  3.768704312242000E-007
   11.5000000000000       6.751315174985305E-003  3.694779573776039E-007
   11.5312500000000       6.717437875533974E-003  3.628296806093117E-007
   11.5625000000000       6.680781664864239E-003  3.567593316687246E-007
   11.5937500000000       6.642130570199048E-003  3.511523970210794E-007
   11.6250000000000       6.602038701676071E-003  3.459265859669751E-007
   11.6562500000000       6.560909934064796E-003  3.410207209882278E-007
   11.6875000000000       6.519045950010778E-003  3.363880381017302E-007
   11.7187500000000       6.476676613518798E-003  3.319919514895703E-007
   11.7500000000000       6.433979916021329E-003  3.278032689523836E-007
   11.7812500000000       6.391095517797332E-003  3.237983009150950E-007
   11.8125000000000       6.348134192415096E-003  3.199575382921140E-007
   11.8437500000000       6.305184576601922E-003  3.162647065892913E-007
   11.8750000000000       6.262318092580318E-003  3.127060736913355E-007
   11.9062500000000       6.219592605590716E-003  3.092699350683569E-007
   11.9375000000000       6.177055181323290E-003  3.059462225483108E-007
   11.9687500000000       6.134744202289336E-003  3.027262047533327E-007
   12.0000000000000       6.092691002815784E-003  2.996022531158047E-007
   13.0000000000000       5.624022464137647E-003  0.000000000000000E+000
   14.0000000000000       5.222306573842101E-003  0.000000000000000E+000
   15.0000000000000       4.874152802252628E-003  0.000000000000000E+000
   16.0000000000000       4.569518252111838E-003  0.000000000000000E+000
   17.0000000000000       4.300723060811142E-003  0.000000000000000E+000
   18.0000000000000       4.061794001877190E-003  0.000000000000000E+000
   19.0000000000000       3.848015370199442E-003  0.000000000000000E+000
   20.0000000000000       3.655614601689471E-003  0.000000000000000E+000
   21.0000000000000       3.481537715894734E-003  0.000000000000000E+000
   22.0000000000000       3.323286001535882E-003  0.000000000000000E+000
   23.0000000000000       3.178795305816931E-003  0.000000000000000E+000
   24.0000000000000       3.046345501407892E-003  0.000000000000000E+000
   25.0000000000000       2.924491681351576E-003  0.000000000000000E+000
   26.0000000000000       2.812011232068823E-003  0.000000000000000E+000
   27.0000000000000       2.707862667918126E-003  0.000000000000000E+000
   28.0000000000000       2.611153286921050E-003  0.000000000000000E+000
   29.0000000000000       2.521113518406531E-003  0.000000000000000E+000
   30.0000000000000       2.437076401126314E-003  0.000000000000000E+000
   31.0000000000000       2.358461033348045E-003  0.000000000000000E+000
   32.0000000000000       2.284759126055919E-003  0.000000000000000E+000
   33.0000000000000       2.215524001023921E-003  0.000000000000000E+000
   34.0000000000000       2.150361530405571E-003  0.000000000000000E+000
   35.0000000000000       2.088922629536840E-003  0.000000000000000E+000
   36.0000000000000       2.030897000938595E-003  0.000000000000000E+000
   37.0000000000000       1.976007892805119E-003  0.000000000000000E+000
   38.0000000000000       1.924007685099721E-003  0.000000000000000E+000
   39.0000000000000       1.874674154712549E-003  0.000000000000000E+000
   40.0000000000000       1.827807300844735E-003  0.000000000000000E+000
   41.0000000000000       1.783226634970474E-003  0.000000000000000E+000
   42.0000000000000       1.740768857947367E-003  0.000000000000000E+000
   43.0000000000000       1.700285861250916E-003  0.000000000000000E+000
   44.0000000000000       1.661643000767941E-003  0.000000000000000E+000
   45.0000000000000       1.624717600750876E-003  0.000000000000000E+000
   46.0000000000000       1.589397652908466E-003  0.000000000000000E+000
   47.0000000000000       1.555580681569987E-003  0.000000000000000E+000
   48.0000000000000       1.523172750703946E-003  0.000000000000000E+000
   49.0000000000000       1.492087592526314E-003  0.000000000000000E+000
   50.0000000000000       1.462245840675788E-003  0.000000000000000E+000
   51.0000000000000       1.433574353603714E-003  0.000000000000000E+000
   52.0000000000000       1.406005616034412E-003  0.000000000000000E+000
   53.0000000000000       1.379477208184706E-003  0.000000000000000E+000
   54.0000000000000       1.353931333959063E-003  0.000000000000000E+000
   55.0000000000000       1.329314400614353E-003  0.000000000000000E+000
   56.0000000000000       1.305576643460525E-003  0.000000000000000E+000
   57.0000000000000       1.282671790066481E-003  0.000000000000000E+000
   58.0000000000000       1.260556759203266E-003  0.000000000000000E+000
   59.0000000000000       1.239191390403210E-003  0.000000000000000E+000
   60.0000000000000       1.218538200563157E-003  0.000000000000000E+000
   61.0000000000000       1.198562164488351E-003  0.000000000000000E+000
   62.0000000000000       1.179230516674023E-003  0.000000000000000E+000
   63.0000000000000       1.160512571964911E-003  0.000000000000000E+000
   64.0000000000000       1.142379563027960E-003  0.000000000000000E+000
   65.0000000000000       1.124804492827529E-003  0.000000000000000E+000
   66.0000000000000       1.107762000511961E-003  0.000000000000000E+000
   67.0000000000000       1.091228239310290E-003  0.000000000000000E+000
   68.0000000000000       1.075180765202785E-003  0.000000000000000E+000
   69.0000000000000       1.059598435272310E-003  0.000000000000000E+000
   70.0000000000000       1.044461314768420E-003  0.000000000000000E+000
   71.0000000000000       1.029750592025203E-003  0.000000000000000E+000
   72.0000000000000       1.015448500469297E-003  0.000000000000000E+000
   73.0000000000000       1.001538247038211E-003  0.000000000000000E+000
   74.0000000000000       9.880039464025595E-004  0.000000000000000E+000
   75.0000000000000       9.748305604505255E-004  0.000000000000000E+000
   76.0000000000000       9.620038425498606E-004  0.000000000000000E+000
   77.0000000000000       9.495102861531092E-004  0.000000000000000E+000
   78.0000000000000       9.373370773562745E-004  0.000000000000000E+000
   79.0000000000000       9.254720510606254E-004  0.000000000000000E+000
   80.0000000000000       9.139036504223676E-004  0.000000000000000E+000
   81.0000000000000       9.026208893060421E-004  0.000000000000000E+000
   82.0000000000000       8.916133174852368E-004  0.000000000000000E+000
   83.0000000000000       8.808709883589086E-004  0.000000000000000E+000
   84.0000000000000       8.703844289736835E-004  0.000000000000000E+000
   85.0000000000000       8.601446121622283E-004  0.000000000000000E+000
   86.0000000000000       8.501429306254582E-004  0.000000000000000E+000
   87.0000000000000       8.403711728021771E-004  0.000000000000000E+000
   88.0000000000000       8.308215003839706E-004  0.000000000000000E+000
   89.0000000000000       8.214864273459484E-004  0.000000000000000E+000
   90.0000000000000       8.123588003754379E-004  0.000000000000000E+000
   91.0000000000000       8.034317805910925E-004  0.000000000000000E+000
   92.0000000000000       7.946988264542328E-004  0.000000000000000E+000
   93.0000000000000       7.861536777826818E-004  0.000000000000000E+000
   94.0000000000000       7.777903407849937E-004  0.000000000000000E+000
   95.0000000000000       7.696030740398886E-004  0.000000000000000E+000
   96.0000000000000       7.615863753519730E-004  0.000000000000000E+000
   97.0000000000000       7.537349694205094E-004  0.000000000000000E+000
   98.0000000000000       7.460437962631572E-004  0.000000000000000E+000
   99.0000000000000       7.385080003413072E-004  0.000000000000000E+000
   100.000000000000       7.311229203378941E-004  0.000000000000000E+000
   101.000000000000       7.238840795424695E-004  0.000000000000000E+000
   102.000000000000       7.167871768018570E-004  0.000000000000000E+000
   103.000000000000       7.098280779979554E-004  0.000000000000000E+000
   104.000000000000       7.030028080172059E-004  0.000000000000000E+000
   105.000000000000       6.963075431789468E-004  0.000000000000000E+000
   106.000000000000       6.897386040923529E-004  0.000000000000000E+000
   107.000000000000       6.832924489139198E-004  0.000000000000000E+000
   108.000000000000       6.769656669795316E-004  0.000000000000000E+000
   109.000000000000       6.707549727870588E-004  0.000000000000000E+000
   110.000000000000       6.646572003071765E-004  0.000000000000000E+000
   111.000000000000       6.586692976017064E-004  0.000000000000000E+000
   112.000000000000       6.527883217302626E-004  0.000000000000000E+000
   113.000000000000       6.470114339273399E-004  0.000000000000000E+000
   114.000000000000       6.413358950332405E-004  0.000000000000000E+000
   115.000000000000       6.357590611633862E-004  0.000000000000000E+000
   116.000000000000       6.302783796016329E-004  0.000000000000000E+000
   117.000000000000       6.248913849041830E-004  0.000000000000000E+000
   118.000000000000       6.195956952016052E-004  0.000000000000000E+000
   119.000000000000       6.143890086873060E-004  0.000000000000000E+000
   120.000000000000       6.092691002815785E-004  0.000000000000000E+000
   121.000000000000       6.042338184610696E-004  0.000000000000000E+000
   122.000000000000       5.992810822441755E-004  0.000000000000000E+000
   123.000000000000       5.944088783234911E-004  0.000000000000000E+000
   124.000000000000       5.896152583370113E-004  0.000000000000000E+000
   125.000000000000       5.848983362703153E-004  0.000000000000000E+000
   126.000000000000       5.802562859824556E-004  0.000000000000000E+000
   127.000000000000       5.756873388487355E-004  0.000000000000000E+000
   128.000000000000       5.711897815139798E-004  0.000000000000000E+000
   129.000000000000       5.667619537503056E-004  0.000000000000000E+000
   130.000000000000       5.624022464137647E-004  0.000000000000000E+000
   131.000000000000       5.581090994945757E-004  0.000000000000000E+000
   132.000000000000       5.538810002559803E-004  0.000000000000000E+000
   133.000000000000       5.497164814570632E-004  0.000000000000000E+000
   134.000000000000       5.456141196551449E-004  0.000000000000000E+000
   135.000000000000       5.415725335836252E-004  0.000000000000000E+000
   136.000000000000       5.375903826013927E-004  0.000000000000000E+000
   137.000000000000       5.336663652101417E-004  0.000000000000000E+000
   138.000000000000       5.297992176361552E-004  0.000000000000000E+000
   139.000000000000       5.259877124733051E-004  0.000000000000000E+000
   140.000000000000       5.222306573842100E-004  0.000000000000000E+000
   141.000000000000       5.185268938566625E-004  0.000000000000000E+000
   142.000000000000       5.148752960126015E-004  0.000000000000000E+000
   143.000000000000       5.112747694670588E-004  0.000000000000000E+000
   144.000000000000       5.077242502346487E-004  0.000000000000000E+000
   145.000000000000       5.042227036813063E-004  0.000000000000000E+000
   146.000000000000       5.007691235191055E-004  0.000000000000000E+000
   147.000000000000       4.973625308421049E-004  0.000000000000000E+000
   148.000000000000       4.940019732012798E-004  0.000000000000000E+000
   149.000000000000       4.906865237167074E-004  0.000000000000000E+000
   150.000000000000       4.874152802252627E-004  0.000000000000000E+000
   151.000000000000       4.841873644621815E-004  0.000000000000000E+000
   152.000000000000       4.810019212749303E-004  0.000000000000000E+000
   153.000000000000       4.778581178679046E-004  0.000000000000000E+000
   154.000000000000       4.747551430765546E-004  0.000000000000000E+000
   155.000000000000       4.716922066696091E-004  0.000000000000000E+000
   156.000000000000       4.686685386781372E-004  0.000000000000000E+000
   157.000000000000       4.656833887502510E-004  0.000000000000000E+000
   158.000000000000       4.627360255303127E-004  0.000000000000000E+000
   159.000000000000       4.598257360615686E-004  0.000000000000000E+000
   160.000000000000       4.569518252111838E-004  0.000000000000000E+000
   161.000000000000       4.541136151167044E-004  0.000000000000000E+000
   162.000000000000       4.513104446530211E-004  0.000000000000000E+000
   163.000000000000       4.485416689189534E-004  0.000000000000000E+000
   164.000000000000       4.458066587426184E-004  0.000000000000000E+000
   165.000000000000       4.431048002047843E-004  0.000000000000000E+000
   166.000000000000       4.404354941794543E-004  0.000000000000000E+000
   167.000000000000       4.377981558909545E-004  0.000000000000000E+000
   168.000000000000       4.351922144868417E-004  0.000000000000000E+000
   169.000000000000       4.326171126259728E-004  0.000000000000000E+000
   170.000000000000       4.300723060811142E-004  0.000000000000000E+000
   171.000000000000       4.275572633554936E-004  0.000000000000000E+000
   172.000000000000       4.250714653127291E-004  0.000000000000000E+000
   173.000000000000       4.226144048195920E-004  0.000000000000000E+000
   174.000000000000       4.201855864010886E-004  0.000000000000000E+000
   175.000000000000       4.177845259073680E-004  0.000000000000000E+000
   176.000000000000       4.154107501919853E-004  0.000000000000000E+000
   177.000000000000       4.130637968010701E-004  0.000000000000000E+000
   178.000000000000       4.107432136729742E-004  0.000000000000000E+000
   179.000000000000       4.084485588479855E-004  0.000000000000000E+000
   180.000000000000       4.061794001877190E-004  0.000000000000000E+000
   181.000000000000       4.039353151038089E-004  0.000000000000000E+000
   182.000000000000       4.017158902955462E-004  0.000000000000000E+000
   183.000000000000       3.995207214961170E-004  0.000000000000000E+000
   184.000000000000       3.973494132271164E-004  0.000000000000000E+000
   185.000000000000       3.952015785610238E-004  0.000000000000000E+000
   186.000000000000       3.930768388913409E-004  0.000000000000000E+000
   187.000000000000       3.909748237101038E-004  0.000000000000000E+000
   188.000000000000       3.888951703924969E-004  0.000000000000000E+000
   189.000000000000       3.868375239883038E-004  0.000000000000000E+000
   190.000000000000       3.848015370199443E-004  0.000000000000000E+000
   191.000000000000       3.827868692868555E-004  0.000000000000000E+000
   192.000000000000       3.807931876759865E-004  0.000000000000000E+000
   193.000000000000       3.788201659781835E-004  0.000000000000000E+000
   194.000000000000       3.768674847102547E-004  0.000000000000000E+000
   195.000000000000       3.749348309425098E-004  0.000000000000000E+000
   196.000000000000       3.730218981315786E-004  0.000000000000000E+000
   197.000000000000       3.711283859583219E-004  0.000000000000000E+000
   198.000000000000       3.692540001706536E-004  0.000000000000000E+000
   199.000000000000       3.673984524311026E-004  0.000000000000000E+000
   200.000000000000       3.655614601689470E-004  0.000000000000000E+000
   201.000000000000       3.637427464367632E-004  0.000000000000000E+000
   202.000000000000       3.619420397712347E-004  0.000000000000000E+000
   203.000000000000       3.601590740580759E-004  0.000000000000000E+000
   204.000000000000       3.583935884009285E-004  0.000000000000000E+000
   205.000000000000       3.566453269940947E-004  0.000000000000000E+000
   206.000000000000       3.549140389989777E-004  0.000000000000000E+000
   207.000000000000       3.531994784241035E-004  0.000000000000000E+000
   208.000000000000       3.515014040086029E-004  0.000000000000000E+000
   209.000000000000       3.498195791090403E-004  0.000000000000000E+000
   210.000000000000       3.481537715894734E-004  0.000000000000000E+000
   211.000000000000       3.465037537146418E-004  0.000000000000000E+000
   212.000000000000       3.448693020461765E-004  0.000000000000000E+000
   213.000000000000       3.432501973417343E-004  0.000000000000000E+000
   214.000000000000       3.416462244569599E-004  0.000000000000000E+000
   215.000000000000       3.400571722501833E-004  0.000000000000000E+000
   216.000000000000       3.384828334897658E-004  0.000000000000000E+000
   217.000000000000       3.369230047640065E-004  0.000000000000000E+000
   218.000000000000       3.353774863935294E-004  0.000000000000000E+000
   219.000000000000       3.338460823460704E-004  0.000000000000000E+000
   220.000000000000       3.323286001535882E-004  0.000000000000000E+000
   221.000000000000       3.308248508316263E-004  0.000000000000000E+000
   222.000000000000       3.293346488008532E-004  0.000000000000000E+000
   223.000000000000       3.278578118107149E-004  0.000000000000000E+000
   224.000000000000       3.263941608651313E-004  0.000000000000000E+000
   225.000000000000       3.249435201501752E-004  0.000000000000000E+000
   226.000000000000       3.235057169636699E-004  0.000000000000000E+000
   227.000000000000       3.220805816466494E-004  0.000000000000000E+000
   228.000000000000       3.206679475166202E-004  0.000000000000000E+000
   229.000000000000       3.192676508025739E-004  0.000000000000000E+000
   230.000000000000       3.178795305816931E-004  0.000000000000000E+000
   231.000000000000       3.165034287177031E-004  0.000000000000000E+000
   232.000000000000       3.151391898008164E-004  0.000000000000000E+000
   233.000000000000       3.137866610892250E-004  0.000000000000000E+000
   234.000000000000       3.124456924520915E-004  0.000000000000000E+000
   235.000000000000       3.111161363139975E-004  0.000000000000000E+000
   236.000000000000       3.097978476008026E-004  0.000000000000000E+000
   237.000000000000       3.084906836868751E-004  0.000000000000000E+000
   238.000000000000       3.071945043436530E-004  0.000000000000000E+000
   239.000000000000       3.059091716894955E-004  0.000000000000000E+000
   240.000000000000       3.046345501407892E-004  0.000000000000000E+000
   241.000000000000       3.033705063642714E-004  0.000000000000000E+000
   242.000000000000       3.021169092305348E-004  0.000000000000000E+000
   243.000000000000       3.008736297686807E-004  0.000000000000000E+000
   244.000000000000       2.996405411220877E-004  0.000000000000000E+000
   245.000000000000       2.984175185052629E-004  0.000000000000000E+000
   246.000000000000       2.972044391617456E-004  0.000000000000000E+000
   247.000000000000       2.960011823230341E-004  0.000000000000000E+000
   248.000000000000       2.948076291685057E-004  0.000000000000000E+000
   249.000000000000       2.936236627863029E-004  0.000000000000000E+000
   250.000000000000       2.924491681351577E-004  0.000000000000000E+000
   251.000000000000       2.912840320071292E-004  0.000000000000000E+000
   252.000000000000       2.901281429912278E-004  0.000000000000000E+000
   253.000000000000       2.889813914379028E-004  0.000000000000000E+000
   254.000000000000       2.878436694243677E-004  0.000000000000000E+000
   255.000000000000       2.867148707207428E-004  0.000000000000000E+000
   256.000000000000       2.855948907569899E-004  0.000000000000000E+000
   257.000000000000       2.844836265906203E-004  0.000000000000000E+000
   258.000000000000       2.833809768751528E-004  0.000000000000000E+000
   259.000000000000       2.822868418293027E-004  0.000000000000000E+000
   260.000000000000       2.812011232068823E-004  0.000000000000000E+000
   261.000000000000       2.801237242673924E-004  0.000000000000000E+000
   262.000000000000       2.790545497472878E-004  0.000000000000000E+000
   263.000000000000       2.779935058318989E-004  0.000000000000000E+000
   264.000000000000       2.769405001279902E-004  0.000000000000000E+000
   265.000000000000       2.758954416369412E-004  0.000000000000000E+000
   266.000000000000       2.748582407285316E-004  0.000000000000000E+000
   267.000000000000       2.738288091153161E-004  0.000000000000000E+000
   268.000000000000       2.728070598275724E-004  0.000000000000000E+000
   269.000000000000       2.717929071888082E-004  0.000000000000000E+000
   270.000000000000       2.707862667918126E-004  0.000000000000000E+000
   271.000000000000       2.697870554752377E-004  0.000000000000000E+000
   272.000000000000       2.687951913006964E-004  0.000000000000000E+000
   273.000000000000       2.678105935303641E-004  0.000000000000000E+000
   274.000000000000       2.668331826050708E-004  0.000000000000000E+000
   275.000000000000       2.658628801228706E-004  0.000000000000000E+000
   276.000000000000       2.648996088180776E-004  0.000000000000000E+000
   277.000000000000       2.639432925407560E-004  0.000000000000000E+000
   278.000000000000       2.629938562366525E-004  0.000000000000000E+000
   279.000000000000       2.620512259275606E-004  0.000000000000000E+000
   280.000000000000       2.611153286921050E-004  0.000000000000000E+000
   281.000000000000       2.601860926469374E-004  0.000000000000000E+000
   282.000000000000       2.592634469283312E-004  0.000000000000000E+000
   283.000000000000       2.583473216741675E-004  0.000000000000000E+000
   284.000000000000       2.574376480063008E-004  0.000000000000000E+000
   285.000000000000       2.565343580132962E-004  0.000000000000000E+000
   286.000000000000       2.556373847335294E-004  0.000000000000000E+000
   287.000000000000       2.547466621386391E-004  0.000000000000000E+000
   288.000000000000       2.538621251173244E-004  0.000000000000000E+000
   289.000000000000       2.529837094594789E-004  0.000000000000000E+000
   290.000000000000       2.521113518406531E-004  0.000000000000000E+000
   291.000000000000       2.512449898068365E-004  0.000000000000000E+000
   292.000000000000       2.503845617595528E-004  0.000000000000000E+000
   293.000000000000       2.495300069412608E-004  0.000000000000000E+000
   294.000000000000       2.486812654210524E-004  0.000000000000000E+000
   295.000000000000       2.478382780806421E-004  0.000000000000000E+000
   296.000000000000       2.470009866006399E-004  0.000000000000000E+000
   297.000000000000       2.461693334471024E-004  0.000000000000000E+000
   298.000000000000       2.453432618583537E-004  0.000000000000000E+000
   299.000000000000       2.445227158320716E-004  0.000000000000000E+000
   300.000000000000       2.437076401126314E-004  0.000000000000000E+000
   301.000000000000       2.428979801787024E-004  0.000000000000000E+000
   302.000000000000       2.420936822310908E-004  0.000000000000000E+000
   303.000000000000       2.412946931808232E-004  0.000000000000000E+000
   304.000000000000       2.405009606374652E-004  0.000000000000000E+000
   305.000000000000       2.397124328976702E-004  0.000000000000000E+000
   306.000000000000       2.389290589339523E-004  0.000000000000000E+000
   307.000000000000       2.381507883836789E-004  0.000000000000000E+000
   308.000000000000       2.373775715382773E-004  0.000000000000000E+000
   309.000000000000       2.366093593326518E-004  0.000000000000000E+000
   310.000000000000       2.358461033348046E-004  0.000000000000000E+000
   311.000000000000       2.350877557356573E-004  0.000000000000000E+000
   312.000000000000       2.343342693390686E-004  0.000000000000000E+000
