  0.000000000000000E+000  -1.83369762464579      -3.782885935621095E-018
  7.812500000000000E-003  -1.83474184615913      -1.174085563384267E-003
  1.562500000000000E-002  -1.83868243128987      -2.398899280188908E-003
  2.343750000000000E-002  -1.85396463357442      -6.539265334847997E-003
  3.125000000000000E-002  -1.81501303954761      -4.767958154559547E-002
  3.906250000000000E-002  -1.82984073533196      -1.970977281196244E-002
  4.687500000000000E-002  -1.83437984794841      -2.408199493841390E-002
  5.468750000000000E-002  -1.83781113468324      -2.791184228026681E-002
  6.250000000000000E-002  -1.84212399218000      -3.396607225338538E-002
  7.031250000000000E-002  -1.84619830850230      -4.723684859996969E-002
  7.812500000000000E-002  -1.84021037182507      -6.328311959811683E-002
  8.593750000000000E-002  -1.81944538558270      -6.432621633776157E-002
  9.375000000000000E-002  -1.81610377534618      -5.567345711613553E-002
  0.101562500000000       -1.81794447075817      -5.364140958869457E-002
  0.109375000000000       -1.82049349286552      -5.162791473733337E-002
  0.117187500000000       -1.82489972441647      -5.615112984199686E-002
  0.125000000000000       -1.81919605998407      -6.127445515480139E-002
  0.132812500000000       -1.82138402719301      -5.593170572177922E-002
  0.140625000000000       -1.81795410585240      -5.357740062343395E-002
  0.148437500000000       -1.82889784345875      -4.571099217909849E-002
  0.156250000000000       -1.83903255226176      -4.700337882353593E-002
  0.164062500000000       -1.84754537076332      -5.169416475223237E-002
  0.171875000000000       -1.85399872563469      -5.514318839735068E-002
  0.179687500000000       -1.86489865099452      -5.917516031670703E-002
  0.187500000000000       -1.87255040965271      -6.903921402744873E-002
  0.195312500000000       -1.87737014984882      -7.785771495515922E-002
  0.203125000000000       -1.88150720675002      -8.865049265294501E-002
  0.210937500000000       -1.88060834005240      -9.779758536208316E-002
  0.218750000000000       -1.88070444702633      -9.849554201936515E-002
  0.226562500000000       -1.88718670163661      -0.102587684270912     
  0.234375000000000       -1.89408506654196      -0.108343698217136     
  0.242187500000000       -1.90128935785633      -0.118488346490627     
  0.250000000000000       -1.90509726713091      -0.129179111457870     
  0.257812500000000       -1.90592875401890      -0.140387627181264     
  0.265625000000000       -1.90654142056321      -0.147730975555933     
  0.273437500000000       -1.90679014919792      -0.155885452513128     
  0.281250000000000       -1.90493126340363      -0.160638704876247     
  0.289062500000000       -1.90970016230429      -0.164767979414838     
  0.296875000000000       -1.91345383332339      -0.171533602696428     
  0.304687500000000       -1.91703564995575      -0.178704855843526     
  0.312500000000000       -1.91958133949654      -0.187131908336570     
  0.320312500000000       -1.92095132777514      -0.194916606280826     
  0.328125000000000       -1.92139024170556      -0.201368832473019     
  0.335937500000000       -1.92434595659298      -0.206115716365592     
  0.343750000000000       -1.92647253023671      -0.213260501642593     
  0.351562500000000       -1.92579296501804      -0.218828037977018     
  0.359375000000000       -1.92634884076459      -0.214748628944502     
  0.367187500000000       -1.93861382494549      -0.215017245385337     
  0.375000000000000       -1.95145574914540      -0.219498508452004     
  0.382812500000000       -1.96643026321922      -0.225851050814417     
  0.390625000000000       -1.98375356173086      -0.241290777450192     
  0.398437500000000       -1.99545478921603      -0.259142746581604     
  0.406250000000000       -2.00586348057338      -0.279301918237927     
  0.414062500000000       -2.01381464667106      -0.306112749684152     
  0.421875000000000       -2.00766017604720      -0.328680434781822     
  0.429687500000000       -2.00403161578882      -0.346123728214070     
  0.437500000000000       -1.99964163893333      -0.363387137286016     
  0.445312500000000       -1.98882816620015      -0.376984125283299     
  0.453125000000000       -1.98842131768524      -0.381586959519697     
  0.460937500000000       -1.99112832473442      -0.391341320009570     
  0.468750000000000       -1.99471871898807      -0.402966918605419     
  0.476562500000000       -2.00123907510620      -0.414335039482177     
  0.484375000000000       -2.01360679857508      -0.438122460548685     
  0.492187500000000       -2.01755301159541      -0.470165589436004     
  0.500000000000000       -2.01104461348966      -0.508686153390158     
  0.507812500000000       -1.98421821280875      -0.546978039758466     
  0.515625000000000       -1.95391984081705      -0.552730296396080     
  0.523437500000000       -1.94099904146561      -0.569840651914675     
  0.531250000000000       -1.91839247842542      -0.596035429743429     
  0.539062500000000       -1.87421787774712      -0.623622538958545     
  0.546875000000000       -1.78258890233353      -0.614549286616811     
  0.554687500000000       -1.77024489776179      -0.545804830980605     
  0.562500000000000       -1.77488563244007      -0.511796941957461     
  0.570312500000000       -1.78205476791607      -0.487702951598790     
  0.578125000000000       -1.79144822523389      -0.466268227382338     
  0.585937500000000       -1.81261565740369      -0.443282143836691     
  0.593750000000000       -1.83945685379079      -0.440421204689000     
  0.601562500000000       -1.86053236970782      -0.444164699261218     
  0.609375000000000       -1.87849001757646      -0.451264694901464     
  0.617187500000000       -1.89494111532702      -0.460587907153756     
  0.625000000000000       -1.91349349197959      -0.475834322535877     
  0.632812500000000       -1.92188819405491      -0.496714107869373     
  0.640625000000000       -1.92595040778164      -0.516405778640922     
  0.648437500000000       -1.92649955220304      -0.536037765524736     
  0.656250000000000       -1.92299470491352      -0.555984409955125     
  0.664062500000000       -1.91218310887624      -0.576597390695690     
  0.671875000000000       -1.89535280636304      -0.585145042578928     
  0.679687500000000       -1.88068523099103      -0.590208202988689     
  0.687500000000000       -1.86477123431762      -0.590845302234343     
  0.695312500000000       -1.84771864720793      -0.584627746130012     
  0.703125000000000       -1.83125024473307      -0.567117815348219     
  0.710937500000000       -1.83549010846737      -0.530432942610331     
  0.718750000000000       -1.85722635761448      -0.514767699581893     
  0.726562500000000       -1.87746911982303      -0.506247232574144     
  0.734375000000000       -1.89784244858229      -0.500545631787421     
  0.742187500000000       -1.91992885427695      -0.496148240204492     
  0.750000000000000       -1.94654057208887      -0.492668794650448     
  0.757812500000000       -1.98148990388903      -0.500196763978319     
  0.765625000000000       -2.00820052099424      -0.515942285936660     
  0.773437500000000       -2.03126646586641      -0.533474844424851     
  0.781250000000000       -2.05158778751787      -0.552665741297130     
  0.789062500000000       -2.06856923914855      -0.573183757795929     
  0.796875000000000       -2.07970839262423      -0.592901820128544     
  0.804687500000000       -2.09174258114305      -0.596806661480086     
  0.812500000000000       -2.11910033084573      -0.607244293524027     
  0.820312500000000       -2.14868122385806      -0.623861941665276     
  0.828125000000000       -2.18035118270437      -0.645175674914436     
  0.835937500000000       -2.21484411205318      -0.671404914957583     
  0.843750000000000       -2.25354988984714      -0.703877004167533     
  0.851562500000000       -2.30646477657559      -0.747001952956551     
  0.859375000000000       -2.35075514350718      -0.835556485129202     
  0.867187500000000       -2.34624097321375      -0.936841095319557     
  0.875000000000000       -2.31576595106713       -1.01485066063780     
  0.882812500000000       -2.27807776000990       -1.07761945342995     
  0.890625000000000       -2.23188589904898       -1.13070380867054     
  0.898437500000000       -2.17031646536392       -1.16917774453627     
  0.906250000000000       -2.10699063410651       -1.14946428558087     
  0.914062500000000       -2.10289188994623       -1.13510623769769     
  0.921875000000000       -2.10764825993160       -1.13703113850162     
  0.929687500000000       -2.11712275024848       -1.14826486339548     
  0.937500000000000       -2.13033721740016       -1.16708000405474     
  0.945312500000000       -2.14747367392642       -1.19357952513955     
  0.953125000000000       -2.17040943477111       -1.22998057699472     
  0.960937500000000       -2.19832456994434       -1.29791808244637     
  0.968750000000000       -2.19072196241548       -1.37500223278406     
  0.976562500000000       -2.17205923862225       -1.44967327032499     
  0.984375000000000       -2.14221524227242       -1.52617597416658     
  0.992187500000000       -2.09783690713159       -1.60508261106006     
   1.00000000000000       -2.03295444854773       -1.68440843959657     
   1.00781250000000       -1.93748644112483       -1.75681510722393     
   1.01562500000000       -1.78875114331913       -1.79286068044770     
   1.02343750000000       -1.70177509429641       -1.72311519135112     
   1.03125000000000       -1.66073139875385       -1.69062845920672     
   1.03906250000000       -1.62901267764163       -1.67219122399796     
   1.04687500000000       -1.60113512200274       -1.66232574240829     
   1.05468750000000       -1.57465199692973       -1.65845902968351     
   1.06250000000000       -1.54827010845026       -1.65914169372776     
   1.07031250000000       -1.52143954597197       -1.66382535110907     
   1.07812500000000       -1.49334940067390       -1.67682645879655     
   1.08593750000000       -1.45079022918545       -1.68949701687393     
   1.09375000000000       -1.40407738557928       -1.69687774980083     
   1.10156250000000       -1.35322743537611       -1.69973627405565     
   1.10937500000000       -1.29822569131711       -1.69690967200182     
   1.11718750000000       -1.23928478545561       -1.68646307002758     
   1.12500000000000       -1.17707768047590       -1.66552099607282     
   1.13281250000000       -1.11319521499260       -1.62934868108666     
   1.14062500000000       -1.05159854187070       -1.56360193707083     
   1.14843750000000       -1.05077041000133       -1.49164574249482     
   1.15625000000000       -1.05194312391924       -1.44881412585808     
   1.16406250000000       -1.05228835705676       -1.41506543849236     
   1.17187500000000       -1.05204108548439       -1.38618651092912     
   1.17968750000000       -1.05158557563043       -1.36014547694135     
   1.18750000000000       -1.05143227409661       -1.33574251377359     
   1.19531250000000       -1.05230670703156       -1.31221308741170     
   1.20312500000000       -1.05550773498174       -1.28911230753130     
   1.21093750000000       -1.06495186002121       -1.26969829641088     
   1.21875000000000       -1.07139839587544       -1.25796837564336     
   1.22656250000000       -1.07510635193413       -1.24752651991734     
   1.23437500000000       -1.07719219387375       -1.23756549324537     
   1.24218750000000       -1.07819795886451       -1.22760065702500     
   1.25000000000000       -1.07853412342487       -1.21723401550972     
   1.25781250000000       -1.07860595624607       -1.20606477574474     
   1.26562500000000       -1.07892378436366       -1.19358451024323     
   1.27343750000000       -1.08040773854522       -1.17883140363848     
   1.28125000000000       -1.08987793374012       -1.16120063820248     
   1.28906250000000       -1.10174533904770       -1.15377311880710     
   1.29687500000000       -1.11072799511761       -1.14881577162483     
   1.30468750000000       -1.11804844031432       -1.14471073133757     
   1.31250000000000       -1.12430781699990       -1.14077708930018     
   1.32031250000000       -1.12998535977934       -1.13656125069767     
   1.32812500000000       -1.13558714017624       -1.13168641065787     
   1.33593750000000       -1.14176695960497       -1.12579187372209     
   1.34375000000000       -1.14956383504015       -1.11845706139885     
   1.35156250000000       -1.16179674385681       -1.10867405034261     
   1.35937500000000       -1.18219178050687       -1.10801004968406     
   1.36718750000000       -1.19772506169484       -1.11200934881618     
   1.37500000000000       -1.21155974727719       -1.11753729789536     
   1.38281250000000       -1.22446119350735       -1.12426465082121     
   1.39062500000000       -1.23680678775754       -1.13211879079241     
   1.39843750000000       -1.24880715207857       -1.14110631366313     
   1.40625000000000       -1.26059386620530       -1.15116097534467     
   1.41406250000000       -1.27256004480681       -1.16185057804055     
   1.42187500000000       -1.28699398519705       -1.17254286926671     
   1.42968750000000       -1.31294751872131       -1.18879729513754     
   1.43750000000000       -1.32210525622821       -1.22838300370599     
   1.44531250000000       -1.32142781114844       -1.25960069549674     
   1.45312500000000       -1.31694618394734       -1.28839140910214     
   1.46093750000000       -1.30929891722458       -1.31578326350745     
   1.46875000000000       -1.29853205346164       -1.34207392650914     
   1.47656250000000       -1.28443180656007       -1.36719271489359     
   1.48437500000000       -1.26660697927280       -1.39072835995533     
   1.49218750000000       -1.24450792570584       -1.41179480553171     
   1.50000000000000       -1.21740855313661       -1.42861497063561     
   1.50781250000000       -1.18421725564178       -1.43682606631591     
   1.51562500000000       -1.16074420270952       -1.42204614555976     
   1.52343750000000       -1.15460112732619       -1.41862915341512     
   1.53125000000000       -1.14862129555537       -1.42096223118453     
   1.53906250000000       -1.14208559506024       -1.42612624999349     
   1.54687500000000       -1.13475232270126       -1.43299554729855     
   1.55468750000000       -1.12650782978982       -1.44095966952599     
   1.56250000000000       -1.11729077344351       -1.44962666663361     
   1.57031250000000       -1.10706842094103       -1.45871854166812     
   1.57812500000000       -1.09582829174058       -1.46803310970484     
   1.58593750000000       -1.08357052106553       -1.47745162721306     
   1.59375000000000       -1.07025108623964       -1.48707252770259     
   1.60156250000000       -1.05439765266926       -1.49654862118003     
   1.60937500000000       -1.03777787730220       -1.50408645205287     
   1.61718750000000       -1.02054989294657       -1.51075872918663     
   1.62500000000000       -1.00257029444550       -1.51652029418475     
   1.63281250000000      -0.983802031797899       -1.52124100362672     
   1.64062500000000      -0.964244963431690       -1.52475251853020     
   1.64843750000000      -0.943921210906785       -1.52685023003468     
   1.65625000000000      -0.922870578901191       -1.52728090119756     
   1.66406250000000      -0.901147947657303       -1.52571078261337     
   1.67187500000000      -0.878818804554195       -1.52164206836613     
   1.67968750000000      -0.855944026115504       -1.51412389482709     
   1.68750000000000      -0.833376818408054       -1.49847512497622     
   1.69531250000000      -0.823548176083169       -1.48287511585397     
   1.70312500000000      -0.814400072979239       -1.47137851270871     
   1.71093750000000      -0.805550811695796       -1.46112486035851     
   1.71875000000000      -0.796949378589953       -1.45129057225673     
   1.72656250000000      -0.788616806203570       -1.44141127118520     
   1.73437500000000      -0.780614301840655       -1.43113756195008     
   1.74218750000000      -0.773040576597918       -1.42014377166409     
   1.75000000000000      -0.766043162238749       -1.40806557295577     
   1.75781250000000      -0.759848444374041       -1.39442072706448     
   1.76562500000000      -0.754837459760600       -1.37844502055650     
   1.77343750000000      -0.751793855268275       -1.35857042140028     
   1.78125000000000      -0.754509707070335       -1.32719807233072     
   1.78906250000000      -0.783947394087914       -1.31011022803803     
   1.79687500000000      -0.807264448603190       -1.30576368471082     
   1.80468750000000      -0.827949410886397       -1.30663030243118     
   1.81250000000000      -0.846909988259085       -1.31112927420096     
   1.82031250000000      -0.864640610781843       -1.31861539503706     
   1.82812500000000      -0.881477832669272       -1.32883133868742     
   1.83593750000000      -0.897685762381365       -1.34175745086900     
   1.84375000000000      -0.913498369531226       -1.35757984083840     
   1.85156250000000      -0.929150181555514       -1.37673125867006     
   1.85937500000000      -0.944911540224506       -1.40003606635439     
   1.86718750000000      -0.961152974886364       -1.42913139578019     
   1.87500000000000      -0.978534522002186       -1.46814658060366     
   1.88281250000000      -0.982299500081732       -1.53659334324222     
   1.89062500000000      -0.951384085837813       -1.58703068630249     
   1.89843750000000      -0.918253451104229       -1.62526267492807     
   1.90625000000000      -0.882933639329202       -1.65682180835667     
   1.91406250000000      -0.845436565919830       -1.68325510723637     
   1.92187500000000      -0.805793288905943       -1.70511387905632     
   1.92968750000000      -0.764068700200950       -1.72250985127398     
   1.93750000000000      -0.720377585240236       -1.73529137732477     
   1.94531250000000      -0.674905765829008       -1.74310444373342     
   1.95312500000000      -0.627940757824045       -1.74539772865617     
   1.96093750000000      -0.579921640541296       -1.74137304373090     
   1.96875000000000      -0.531536388239923       -1.72982111559138     
   1.97656250000000      -0.483985681163976       -1.70852733309155     
   1.98437500000000      -0.441578742312661       -1.66797949631400     
   1.99218750000000      -0.432283920239079       -1.63506480281917     
   2.00000000000000      -0.419800206062571       -1.61363997002353     
   2.00781250000000      -0.406286938189305       -1.59533550851524     
   2.01562500000000      -0.392261700429455       -1.57826853317165     
   2.02343750000000      -0.378017605890169       -1.56152978408735     
   2.03125000000000      -0.363778274784591       -1.54455824522332     
   2.03906250000000      -0.349748215774148       -1.52694727968598     
   2.04687500000000      -0.336139033353812       -1.50835940425412     
   2.05468750000000      -0.323191039558235       -1.48847528430294     
   2.06250000000000      -0.311200702798978       -1.46694809033240     
   2.07031250000000      -0.300568847153143       -1.44333836276922     
   2.07812500000000      -0.291910951809517       -1.41697375232352     
   2.08593750000000      -0.286413357869150       -1.38649076317484     
   2.09375000000000      -0.290382572007550       -1.34531661130666     
   2.10156250000000      -0.315856905953994       -1.32364129370528     
   2.10937500000000      -0.334030363377602       -1.31190043912501     
   2.11718750000000      -0.349068437959971       -1.30416357105027     
   2.12500000000000      -0.362032244772636       -1.29901765940075     
   2.13281250000000      -0.373455871386824       -1.29581097086632     
   2.14062500000000      -0.383668298934764       -1.29418902980070     
   2.14843750000000      -0.392894629462027       -1.29395265346411     
   2.15625000000000      -0.401298523977590       -1.29500243693286     
   2.16406250000000      -0.409002598439547       -1.29731737955429     
   2.17187500000000      -0.416098181819383       -1.30095337178404     
   2.17968750000000      -0.422647796832856       -1.30606172567732     
   2.18750000000000      -0.428678552026315       -1.31294368076831     
   2.19531250000000      -0.434152936610644       -1.32220525409256     
   2.20312500000000      -0.438831253560903       -1.33537558120192     
   2.21093750000000      -0.435060100398539       -1.35721295639573     
   2.21875000000000      -0.421918991414654       -1.36910662448485     
   2.22656250000000      -0.409446596584328       -1.37689191100167     
   2.23437500000000      -0.397146201075385       -1.38249333142734     
   2.24218750000000      -0.384877702728021       -1.38653671378008     
   2.25000000000000      -0.372588138838239       -1.38932119502256     
   2.25781250000000      -0.360260440251306       -1.39101026453309     
   2.26562500000000      -0.347896879670449       -1.39169647423719     
   2.27343750000000      -0.335512680151593       -1.39142877572187     
   2.28125000000000      -0.323133760015782       -1.39022491472791     
   2.28906250000000      -0.310796874867610       -1.38807595555452     
   2.29687500000000      -0.298552059053459       -1.38494456414269     
   2.30468750000000      -0.286468816983665       -1.38075458897184     
   2.31250000000000      -0.274651435615086       -1.37536040582812     
   2.32031250000000      -0.263287123772799       -1.36844214438851     
   2.32812500000000      -0.253001440110237       -1.35867014799943     
   2.33593750000000      -0.249041894224863       -1.35006063208309     
   2.34375000000000      -0.244238227044072       -1.34433832778437     
   2.35156250000000      -0.239071041050750       -1.33934175569909     
   2.35937500000000      -0.233706592619836       -1.33470414212586     
   2.36718750000000      -0.228227488460078       -1.33026473536962     
   2.37500000000000      -0.222686161610091       -1.32593762765242     
   2.38281250000000      -0.217120927089818       -1.32167347253850     
   2.39062500000000      -0.211562623312708       -1.31744451389349     
   2.39843750000000      -0.206037926758722       -1.31323807391637     
   2.40625000000000      -0.200571266667411       -1.30905406899116     
   2.41406250000000      -0.195186115547569       -1.30490521275658     
   2.42187500000000      -0.189906063432364       -1.30082008393263     
   2.42968750000000      -0.184756029367910       -1.29685104711010     
   2.43750000000000      -0.179764258264824       -1.29309383182247     
   2.44531250000000      -0.174967408960749       -1.28974670576889     
   2.45312500000000      -0.170437689474596       -1.28743922091250     
   2.46093750000000      -0.163061785669539       -1.28682136114394     
   2.46875000000000      -0.154490495722855       -1.28381741252459     
   2.47656250000000      -0.145899361846849       -1.27972830602093     
   2.48437500000000      -0.137365528877211       -1.27481900283510     
   2.49218750000000      -0.128942578952537       -1.26919243242036     
   2.50000000000000      -0.120677409447940       -1.26289621854507     
   2.53125000000000      -9.014942233650798E-002  -1.23121723475278     
   2.56250000000000      -6.694832823764611E-002  -1.18763766541485     
   2.59375000000000      -7.528718859440812E-002  -1.12526774113573     
   2.62500000000000      -0.106806404862395       -1.11110234151171     
   2.65625000000000      -0.123906197267512       -1.11244498309052     
   2.68750000000000      -0.132244965872381       -1.12455679462190     
   2.71875000000000      -0.123947971792951       -1.15404220966521     
   2.75000000000000      -7.804091261923456E-002  -1.15805614049506     
   2.78125000000000      -4.678223700722348E-002  -1.14519888577316     
   2.81250000000000      -2.021150129343873E-002  -1.12811980798451     
   2.84375000000000       2.881243163166777E-003  -1.10880873739373     
   2.87500000000000       2.501087918409483E-002  -1.09264441512950     
   2.90625000000000       5.727624241671567E-002  -1.06491814238372     
   2.93750000000000       8.191732638243553E-002  -1.02510681108465     
   2.96875000000000       9.733428851929730E-002 -0.975854246222347     
   3.00000000000000       9.884352333993973E-002 -0.916191392771298     
   3.03125000000000       5.821313024600117E-002 -0.842529336359651     
   3.06250000000000      -1.143759022647191E-003 -0.835381822025052     
   3.09375000000000      -3.811132637202898E-002 -0.841264137159291     
   3.12500000000000      -6.461988590434245E-002 -0.853225990379509     
   3.15625000000000      -8.335318078407257E-002 -0.870259989351353     
   3.18750000000000      -9.243400500124081E-002 -0.894907369851007     
   3.21875000000000      -8.497023274828146E-002 -0.908633762050425     
   3.25000000000000      -8.155447071976173E-002 -0.918103244706386     
   3.28125000000000      -7.823255394896268E-002 -0.927718898950599     
   3.31250000000000      -7.409505000806312E-002 -0.938757172859969     
   3.34375000000000      -6.796489069858885E-002 -0.953293095834078     
   3.37500000000000      -4.818343930288621E-002 -0.970701958935774     
   3.40625000000000      -2.586165546241441E-002 -0.974587649172098     
   3.43750000000000      -5.705708905947586E-003 -0.973929013381078     
   3.46875000000000       1.268894188482705E-002 -0.970083970669408     
   3.50000000000000       2.897803747119560E-002 -0.963420329723808     
   3.53125000000000       4.146182579761563E-002 -0.953336149615167     
   3.56250000000000       4.525831668452693E-002 -0.949137634638963     
   3.59375000000000       5.347626944062694E-002 -0.949748755186628     
   3.62500000000000       6.396742454185955E-002 -0.951497438240070     
   3.65625000000000       7.651583320528794E-002 -0.954258682163697     
   3.68750000000000       9.168799107208284E-002 -0.958456588606095     
   3.71875000000000       0.112404440983591      -0.966133873116054     
   3.75000000000000       0.147022339055473      -0.961756628659846     
   3.78125000000000       0.174250955554113      -0.948224287470489     
   3.81250000000000       0.197869056727875      -0.931351574238455     
   3.84375000000000       0.218467123387038      -0.911818656265342     
   3.87500000000000       0.235954196535624      -0.889870577113886     
   3.90625000000000       0.249514625577500      -0.865366568142702     
   3.93750000000000       0.254913310246992      -0.842133870959082     
   3.96875000000000       0.260873766186870      -0.823461361966519     
   4.00000000000000       0.266738529003751      -0.804894416621534     
   4.03125000000000       0.271750343378053      -0.786044600036042     
   4.06250000000000       0.275414413804955      -0.766737069386608     
   4.09375000000000       0.277055255433893      -0.746790153036663     
   4.12500000000000       0.273897139406450      -0.725510463864063     
   4.15625000000000       0.267710551094791      -0.713464644198102     
   4.18750000000000       0.265029745114664      -0.702509870052679     
   4.21875000000000       0.263373990694374      -0.691832583244696     
   4.25000000000000       0.262130152534209      -0.681226723959320     
   4.28125000000000       0.260930907763393      -0.670562845424102     
   4.31250000000000       0.259409527325286      -0.659692546579231     
   4.34375000000000       0.256246446440416      -0.648275380401608     
   4.37500000000000       0.252112864323929      -0.640082734101179     
   4.40625000000000       0.249057915347999      -0.632549536779816     
   4.43750000000000       0.246337313396780      -0.625295901109000     
   4.46875000000000       0.243655698289645      -0.618217488904695     
   4.50000000000000       0.240748978344969      -0.611256193753670     
   4.53125000000000       0.237227150167868      -0.604355408299261     
   4.56250000000000       0.231926567570486      -0.597356796291629     
   4.59375000000000       0.224121714369922      -0.595981009774001     
   4.62500000000000       0.220464120394365      -0.596596912208515     
   4.65625000000000       0.218627217355793      -0.597590174845754     
   4.68750000000000       0.218187577258627      -0.598927085032925     
   4.71875000000000       0.219055271846743      -0.600642709653185     
   4.75000000000000       0.221356545109035      -0.602838328530681     
   4.78125000000000       0.225609427391345      -0.605768280848527     
   4.81250000000000       0.235617917595753      -0.609049216390620     
   4.84375000000000       0.245954196121388      -0.604290127361318     
   4.87500000000000       0.253842644655239      -0.598412007271034     
   4.90625000000000       0.260611990073232      -0.591984053235431     
   4.93750000000000       0.266649209873188      -0.585188954165888     
   4.96875000000000       0.272149425818299      -0.578130057876830     
   5.00000000000000       0.277250535021265      -0.570889183527623     
   5.03125000000000       0.282116195450784      -0.563566375918044     
   5.06250000000000       0.287539440492859      -0.556196515787707     
   5.09375000000000       0.292659006944017      -0.547008242610300     
   5.12500000000000       0.296754270141317      -0.537315160275201     
   5.15625000000000       0.300045530423509      -0.527264641355083     
   5.18750000000000       0.302554937484787      -0.516904483322642     
   5.21875000000000       0.304237699624030      -0.506254212622911     
   5.25000000000000       0.304979435748142      -0.495311207250657     
   5.28125000000000       0.304525910326055      -0.484034147846168     
   5.31250000000000       0.302037461393786      -0.472217537782846     
   5.34375000000000       0.295994864225047      -0.464152786879648     
   5.37500000000000       0.292450784930112      -0.458206390258299     
   5.40625000000000       0.289679809746516      -0.452505954111511     
   5.43750000000000       0.287245410393588      -0.446947968599499     
   5.46875000000000       0.284937785501221      -0.441499673750040     
   5.50000000000000       0.282611313676835      -0.436155466293700     
   5.53125000000000       0.280126267526604      -0.430929148513578     
   5.56250000000000       0.277281734031840      -0.425862041826786     
   5.59375000000000       0.273410542984949      -0.421100533079286     
   5.62500000000000       0.269830048912100      -0.419349889017282     
   5.65625000000000       0.267969441065408      -0.417448245074115     
   5.68750000000000       0.266716430286202      -0.415401013974827     
   5.71875000000000       0.265849879283279      -0.413271919435222     
   5.75000000000000       0.265272465774134      -0.411111579852017     
   5.78125000000000       0.264943754220061      -0.408971358538331     
   5.81250000000000       0.264869810917426      -0.406913488278278     
   5.84375000000000       0.265127910198595      -0.405030277097493     
   5.87500000000000       0.266033272571674      -0.403525807299649     
   5.90625000000000       0.268846380679790      -0.400941148203330     
   5.93750000000000       0.270704255403035      -0.396908784225645     
   5.96875000000000       0.272061867646461      -0.392623463916940     
   6.00000000000000       0.273085027062321      -0.388183488489361     
   6.03125000000000       0.273831047866662      -0.383636110535335     
   6.06250000000000       0.274321479476504      -0.379012554949361     
   6.09375000000000       0.274558313487035      -0.374338051451352     
   6.12500000000000       0.274525691668640      -0.369637301663645     
   6.15625000000000       0.274176620400011      -0.364941630033490     
   6.18750000000000       0.273308608731047      -0.360325581108506     
   6.21875000000000       0.272403613177005      -0.356661233466534     
   6.25000000000000       0.271894173904120      -0.352897288218875     
   6.28125000000000       0.271415341255929      -0.349051309348219     
   6.31250000000000       0.270890267538866      -0.345143293926925     
   6.34375000000000       0.270272968695461      -0.341184505038785     
   6.37500000000000       0.269523719136018      -0.337182559297156     
   6.40625000000000       0.268597907613478      -0.333142724503097     
   6.43750000000000       0.267432956696942      -0.329067719642650     
   6.46875000000000       0.265916309583484      -0.324954997491132     
   6.50000000000000       0.263719937797167      -0.320777672957204     
   6.53125000000000       0.260341343232002      -0.318237150396995     
   6.56250000000000       0.258289619744801      -0.316559191026869     
   6.59375000000000       0.256738114060537      -0.314920305023784     
   6.62500000000000       0.255484575458484      -0.313305860354843     
   6.65625000000000       0.254442975602626      -0.311715555908084     
   6.68750000000000       0.253566783524467      -0.310154307451956     
   6.71875000000000       0.252829128882330      -0.308630629219741     
   6.75000000000000       0.252216198738021      -0.307157152690039     
   6.78125000000000       0.251726735914171      -0.305753316599792     
   6.81250000000000       0.251380446393438      -0.304454422237288     
   6.84375000000000       0.251301372185438      -0.303381712537028     
   6.87500000000000       0.251773700252593      -0.301918013994443     
   6.90625000000000       0.252128468881749      -0.300246197132417     
   6.93750000000000       0.252476540021996      -0.298504027668858     
   6.96875000000000       0.252838390501398      -0.296721082526134     
   7.00000000000000       0.253224988687791      -0.294913858939986     
   7.03125000000000       0.253645836056123      -0.293094399822297     
   7.06250000000000       0.254112259867721      -0.291273334735719     
   7.09375000000000       0.254640649392796      -0.289461794047539     
   7.12500000000000       0.255258422011818      -0.287673742981935     
   7.15625000000000       0.256020670003271      -0.285931322093489     
   7.18750000000000       0.257096963880681      -0.284290364240276     
   7.21875000000000       0.258916210179172      -0.281927947451070     
   7.25000000000000       0.260126948026117      -0.278990275254828     
   7.28125000000000       0.261059289034487      -0.275966905183695     
   7.31250000000000       0.261802629855760      -0.272887469014286     
   7.34375000000000       0.262391595628345      -0.269765352161685     
   7.37500000000000       0.262842261225440      -0.266608426642677     
   7.40625000000000       0.263161163588784      -0.263421900395749     
   7.43750000000000       0.263348068292640      -0.260209377116963     
   7.46875000000000       0.263395929918630      -0.256973232847466     
   7.50000000000000       0.263287706962646      -0.253714481087623     
   7.53125000000000       0.262984167971624      -0.250431489810929     
   7.56250000000000       0.262339603680948      -0.247109388188240     
   7.59375000000000       0.261340789931959      -0.244458233263165     
   7.62500000000000       0.260696870440446      -0.241960600510336     
   7.65625000000000       0.260132191449993      -0.239473579764507     
   7.68750000000000       0.259588823067212      -0.236990098053082     
   7.71875000000000       0.259036468297642      -0.234506882919178     
   7.75000000000000       0.258452876130350      -0.232021828517272     
   7.78125000000000       0.257817393419200      -0.229533174944446     
   7.81250000000000       0.257107007821815      -0.227039054917038     
   7.84375000000000       0.256291880084460      -0.224537032649490     
   7.87500000000000       0.255327277162901      -0.222023304615806     
   7.90625000000000       0.254132868954132      -0.219490642512529     
   7.93750000000000       0.252506628104595      -0.216919669753733     
   7.96875000000000       0.249658387804894      -0.215206819474001     
   8.00000000000000       0.247840420843878      -0.214824896443397     
   8.03125000000000       0.246612623741797      -0.214503836290312     
   8.06250000000000       0.245741467645769      -0.214220098911176     
   8.09375000000000       0.245143685747471      -0.213965751705613     
   8.12500000000000       0.244778768600649      -0.213737290866788     
   8.15625000000000       0.244625877190736      -0.213533283847011     
   8.18750000000000       0.244676200980727      -0.213353622748725     
   8.21875000000000       0.244930543749671      -0.213199337352046     
   8.25000000000000       0.245399985446698      -0.213072769014517     
   8.28125000000000       0.246110442799633      -0.212978254178799     
   8.31250000000000       0.247117122724024      -0.212924155695902     
   8.34375000000000       0.248565541467952      -0.212931255288369     
   8.37500000000000       0.251114455034486      -0.212410348196025     
   8.40625000000000       0.253078080132983      -0.210773336161539     
   8.43750000000000       0.254694703190481      -0.209084883755218     
   8.46875000000000       0.256158546845815      -0.207371983240513     
   8.50000000000000       0.257540738868135      -0.205644725761543     
   8.53125000000000       0.258880605419998      -0.203908775864234     
   8.56250000000000       0.260204984294438      -0.202168038218849     
   8.59375000000000       0.261535370357210      -0.200425654566348     
   8.62500000000000       0.262891656383012      -0.198684532445796     
   8.65625000000000       0.264295021059703      -0.196947760059208     
   8.68750000000000       0.265771457242246      -0.195219120805846     
   8.71875000000000       0.267358343852889      -0.193504060881103     
   8.75000000000000       0.269122407507265      -0.191812347490189     
   8.78125000000000       0.271251878868538      -0.190171749944864     
   8.81250000000000       0.274093421461698      -0.187658917661984     
   8.84375000000000       0.276227005627751      -0.184602922111637     
   8.87500000000000       0.278082471413262      -0.181494070308226     
   8.90625000000000       0.279771732902412      -0.178350720873619     
   8.93750000000000       0.281345728307793      -0.175181489688464     
   8.96875000000000       0.282836575521478      -0.171991799924325     
   9.00000000000000       0.284268930157699      -0.168785648953329     
   9.03125000000000       0.285664889573353      -0.165566335256523     
   9.06250000000000       0.287047123226225      -0.162336859761445     
   9.09375000000000       0.288441932140908      -0.159100234327459     
   9.12500000000000       0.289883650241734      -0.155859836445772     
   9.15625000000000       0.291423130145833      -0.152620013688425     
   9.18750000000000       0.293149165199566      -0.149387544581276     
   9.21875000000000       0.295270313164854      -0.146177183597780     
   9.25000000000000       0.298778389731040      -0.142242667395669     
   9.28125000000000       0.301167513244401      -0.136416828465471     
   9.31250000000000       0.302697012138022      -0.130522651882540     
   9.34375000000000       0.303704758627750      -0.124588082775655     
   9.37500000000000       0.304301124686652      -0.118624246459171     
   9.40625000000000       0.304539418128139      -0.112637906180224     
   9.43750000000000       0.304448396502147      -0.106633951137623     
   9.46875000000000       0.304043058335525      -0.100616275929162     
   9.50000000000000       0.303328899967085      -9.458817711124796E-002
   9.53125000000000       0.302303343667611      -8.855255633051930E-002
   9.56250000000000       0.300955298877982      -8.251202560419724E-002
   9.59375000000000       0.299262569452579      -7.646894220453052E-002
   9.62500000000000       0.297185152323769      -7.042534991614209E-002
   9.65625000000000       0.294647174581641      -6.438267864792538E-002
   9.68750000000000       0.291470109451796      -5.834032537656548E-002
   9.71875000000000       0.286709910335733      -5.280751684208284E-002
   9.75000000000000       0.282620242725296      -4.934554854390311E-002
   9.78125000000000       0.279179781641286      -4.591470109533762E-002
   9.81250000000000       0.275980431582832      -4.250176332206081E-002
   9.84375000000000       0.272894039071944      -3.910249789374599E-002
   9.87500000000000       0.269853242746958      -3.571479526606070E-002
   9.90625000000000       0.266813977623908      -3.233745043610663E-002
   9.93750000000000       0.263742781428506      -2.896974546654246E-002
   9.96875000000000       0.260610905146585      -2.561126680249237E-002
   10.0000000000000       0.257390731581213      -2.226181489259251E-002
   10.0312500000000       0.254052801840400      -1.892135837626263E-002
   10.0625000000000       0.250562351574150      -1.559001479820588E-002
   10.0937500000000       0.246873888059855      -1.226805258342709E-002
   10.1250000000000       0.242920383833348      -8.955918828538252E-003
   10.1562500000000       0.238585522054379      -5.654315968798368E-003
   10.1875000000000       0.233595020831962      -2.364424304245046E-003
   10.2187500000000       0.226801131780642      -2.224822419259608E-004
   10.2500000000000       0.221503793032847      -2.182951158796110E-004
   10.2812500000000       0.217089893713274      -2.141810322059558E-004
   10.3125000000000       0.213147314957948      -2.101084386237395E-004
   10.3437500000000       0.209531359534072      -2.060660228684641E-004
   10.3750000000000       0.206165889170534      -2.020477808902666E-004
   10.4062500000000       0.203003509279172      -1.980499867116950E-004
   10.4375000000000       0.200011729563754      -1.940701298636817E-004
   10.4687500000000       0.197166822732578      -1.901064429823255E-004
   10.5000000000000       0.194450666697203      -1.861576622409146E-004
   10.5312500000000       0.191848949092954      -1.822228981947756E-004
   10.5625000000000       0.189350068090300      -1.783015689675748E-004
   10.5937500000000       0.186944419558440      -1.743933786491611E-004
   10.6250000000000       0.184623911606033      -1.704983451807830E-004
   10.6562500000000       0.182381616390964      -1.666169189905779E-004
   10.6875000000000       0.180211494075205      -1.627503754430633E-004
   10.7187500000000       0.178108042885910      -1.589028909840921E-004
   10.7500000000000       0.176066377420887      -1.568436854508115E-004
   10.7812500000000       0.174084966840242      -1.555516814789554E-004
   10.8125000000000       0.172159305891230      -1.542616546682754E-004
   10.8437500000000       0.170285985944396      -1.529766632735148E-004
   10.8750000000000       0.168462035994350      -1.516984886224106E-004
   10.9062500000000       0.166684801966365      -1.504286614420228E-004
   10.9375000000000       0.164951892844998      -1.491687949137297E-004
   10.9687500000000       0.163261146742999      -1.479207985303225E-004
   11.0000000000000       0.161610608032408      -1.466871025330569E-004
   11.0312500000000       0.159998513641892      -1.454709699992234E-004
   11.0625000000000       0.158423289874840      -1.442769996462282E-004
   11.0937500000000       0.156883565140256      -1.431120200952853E-004
   11.1250000000000       0.155378212881719      -1.419868391907958E-004
   11.1562500000000       0.153906464204331      -1.409200871311992E-004
   11.1875000000000       0.152468218206777      -1.399481422784779E-004
   11.2187500000000       0.151065097583108      -1.391582357989508E-004
   11.2500000000000       0.149706299402899      -1.388720121612453E-004
   11.2812500000000       0.148399007456481      -2.112426142836125E-018
   11.3125000000000       0.146980119641489       1.008315101194168E-017
   11.3437500000000       0.145637900801323       5.966880574045211E-018
   11.3750000000000       0.144330253861074      -1.370912971484631E-017
   11.4062500000000       0.143050682710043       2.043598202951333E-017
   11.4375000000000       0.141796437159416      -2.819663668215508E-018
   11.4687500000000       0.140565855244052       3.329809437842406E-018
   11.5000000000000       0.139357727472462       6.658705077976761E-019
   11.5312500000000       0.138171077391758       1.996316827719158E-018
   11.5625000000000       0.137005067956032      -1.555844054288922E-017
   11.5937500000000       0.135858955341435       7.535357595230993E-018
   11.6250000000000       0.134732063543107       1.255323428393997E-017
   11.6562500000000       0.133623769137411      -2.462526731244804E-018
   11.6875000000000       0.132533491445677      -8.376036357541539E-018
   11.7187500000000       0.131460685808738      -9.434931644076739E-019
   11.7500000000000       0.130404838716602      -8.409419139139474E-018
   11.7812500000000       0.129365464148985      -4.451758068170443E-018
   11.8125000000000       0.128342100702790      -9.005097815995072E-018
   11.8437500000000       0.127334309276050       1.099575587024602E-017
   11.8750000000000       0.126341671150368      -1.261656280353830E-017
   11.9062500000000       0.125363786368213      -7.792529781262080E-018
   11.9375000000000       0.124400272333490      -8.967744849994575E-019
   11.9687500000000       0.123450762593722      -6.060178407520520E-018
   12.0000000000000       0.122514905760184       2.582135370240735E-018
   13.0000000000000       0.113090682240170       0.000000000000000E+000
   14.0000000000000       0.105012776365872       0.000000000000000E+000
   15.0000000000000       9.801192460814721E-002  0.000000000000000E+000
   16.0000000000000       9.188617932013801E-002  0.000000000000000E+000
   17.0000000000000       8.648110994836519E-002  0.000000000000000E+000
   18.0000000000000       8.167660384012268E-002  0.000000000000000E+000
   19.0000000000000       7.737783521695833E-002  0.000000000000000E+000
   20.0000000000000       7.350894345611041E-002  0.000000000000000E+000
   21.0000000000000       7.000851757724801E-002  0.000000000000000E+000
   22.0000000000000       6.682631223282764E-002  0.000000000000000E+000
   23.0000000000000       6.392082039661774E-002  0.000000000000000E+000
   24.0000000000000       6.125745288009201E-002  0.000000000000000E+000
   25.0000000000000       5.880715476488833E-002  0.000000000000000E+000
   26.0000000000000       5.654534112008493E-002  0.000000000000000E+000
   27.0000000000000       5.445106922674845E-002  0.000000000000000E+000
   28.0000000000000       5.250638818293601E-002  0.000000000000000E+000
   29.0000000000000       5.069582307317960E-002  0.000000000000000E+000
   30.0000000000000       4.900596230407361E-002  0.000000000000000E+000
   31.0000000000000       4.742512481039381E-002  0.000000000000000E+000
   32.0000000000000       4.594308966006901E-002  0.000000000000000E+000
   33.0000000000000       4.455087482188510E-002  0.000000000000000E+000
   34.0000000000000       4.324055497418260E-002  0.000000000000000E+000
   35.0000000000000       4.200511054634880E-002  0.000000000000000E+000
   36.0000000000000       4.083830192006134E-002  0.000000000000000E+000
   37.0000000000000       3.973456403032995E-002  0.000000000000000E+000
   38.0000000000000       3.868891760847917E-002  0.000000000000000E+000
   39.0000000000000       3.769689408005662E-002  0.000000000000000E+000
   40.0000000000000       3.675447172805520E-002  0.000000000000000E+000
   41.0000000000000       3.585802119810264E-002  0.000000000000000E+000
   42.0000000000000       3.500425878862400E-002  0.000000000000000E+000
   43.0000000000000       3.419020625865601E-002  0.000000000000000E+000
   44.0000000000000       3.341315611641382E-002  0.000000000000000E+000
   45.0000000000000       3.267064153604907E-002  0.000000000000000E+000
   46.0000000000000       3.196041019830887E-002  0.000000000000000E+000
   47.0000000000000       3.128040147068528E-002  0.000000000000000E+000
   48.0000000000000       3.062872644004601E-002  0.000000000000000E+000
   49.0000000000000       3.000365039024915E-002  0.000000000000000E+000
   50.0000000000000       2.940357738244416E-002  0.000000000000000E+000
   51.0000000000000       2.882703664945506E-002  0.000000000000000E+000
   52.0000000000000       2.827267056004246E-002  0.000000000000000E+000
   53.0000000000000       2.773922394570204E-002  0.000000000000000E+000
   54.0000000000000       2.722553461337423E-002  0.000000000000000E+000
   55.0000000000000       2.673052489313106E-002  0.000000000000000E+000
   56.0000000000000       2.625319409146800E-002  0.000000000000000E+000
   57.0000000000000       2.579261173898611E-002  0.000000000000000E+000
   58.0000000000000       2.534791153658980E-002  0.000000000000000E+000
   59.0000000000000       2.491828591732556E-002  0.000000000000000E+000
   60.0000000000000       2.450298115203680E-002  0.000000000000000E+000
   61.0000000000000       2.410129293642964E-002  0.000000000000000E+000
   62.0000000000000       2.371256240519691E-002  0.000000000000000E+000
   63.0000000000000       2.333617252574934E-002  0.000000000000000E+000
   64.0000000000000       2.297154483003450E-002  0.000000000000000E+000
   65.0000000000000       2.261813644803397E-002  0.000000000000000E+000
   66.0000000000000       2.227543741094255E-002  0.000000000000000E+000
   67.0000000000000       2.194296819585385E-002  0.000000000000000E+000
   68.0000000000000       2.162027748709130E-002  0.000000000000000E+000
   69.0000000000000       2.130694013220592E-002  0.000000000000000E+000
   70.0000000000000       2.100255527317440E-002  0.000000000000000E+000
   71.0000000000000       2.070674463552406E-002  0.000000000000000E+000
   72.0000000000000       2.041915096003067E-002  0.000000000000000E+000
   73.0000000000000       2.013943656331792E-002  0.000000000000000E+000
   74.0000000000000       1.986728201516498E-002  0.000000000000000E+000
   75.0000000000000       1.960238492162944E-002  0.000000000000000E+000
   76.0000000000000       1.934445880423958E-002  0.000000000000000E+000
   77.0000000000000       1.909323206652219E-002  0.000000000000000E+000
   78.0000000000000       1.884844704002831E-002  0.000000000000000E+000
   79.0000000000000       1.860985910281276E-002  0.000000000000000E+000
   80.0000000000000       1.837723586402760E-002  0.000000000000000E+000
   81.0000000000000       1.815035640891615E-002  0.000000000000000E+000
   82.0000000000000       1.792901059905132E-002  0.000000000000000E+000
   83.0000000000000       1.771299842315913E-002  0.000000000000000E+000
   84.0000000000000       1.750212939431200E-002  0.000000000000000E+000
   85.0000000000000       1.729622198967304E-002  0.000000000000000E+000
   86.0000000000000       1.709510312932800E-002  0.000000000000000E+000
   87.0000000000000       1.689860769105987E-002  0.000000000000000E+000
   88.0000000000000       1.670657805820691E-002  0.000000000000000E+000
   89.0000000000000       1.651886369800234E-002  0.000000000000000E+000
   90.0000000000000       1.633532076802454E-002  0.000000000000000E+000
   91.0000000000000       1.615581174859569E-002  0.000000000000000E+000
   92.0000000000000       1.598020509915444E-002  0.000000000000000E+000
   93.0000000000000       1.580837493679794E-002  0.000000000000000E+000
   94.0000000000000       1.564020073534264E-002  0.000000000000000E+000
   95.0000000000000       1.547556704339166E-002  0.000000000000000E+000
   96.0000000000000       1.531436322002300E-002  0.000000000000000E+000
   97.0000000000000       1.515648318682689E-002  0.000000000000000E+000
   98.0000000000000       1.500182519512457E-002  0.000000000000000E+000
   99.0000000000000       1.485029160729503E-002  0.000000000000000E+000
   100.000000000000       1.470178869122208E-002  0.000000000000000E+000
   101.000000000000       1.455622642695256E-002  0.000000000000000E+000
   102.000000000000       1.441351832472753E-002  0.000000000000000E+000
   103.000000000000       1.427358125361367E-002  0.000000000000000E+000
   104.000000000000       1.413633528002123E-002  0.000000000000000E+000
   105.000000000000       1.400170351544960E-002  0.000000000000000E+000
   106.000000000000       1.386961197285102E-002  0.000000000000000E+000
   107.000000000000       1.373998943104868E-002  0.000000000000000E+000
   108.000000000000       1.361276730668711E-002  0.000000000000000E+000
   109.000000000000       1.348787953323127E-002  0.000000000000000E+000
   110.000000000000       1.336526244656553E-002  0.000000000000000E+000
   111.000000000000       1.324485467677665E-002  0.000000000000000E+000
   112.000000000000       1.312659704573400E-002  0.000000000000000E+000
   113.000000000000       1.301043247010804E-002  0.000000000000000E+000
   114.000000000000       1.289630586949305E-002  0.000000000000000E+000
   115.000000000000       1.278416407932355E-002  0.000000000000000E+000
   116.000000000000       1.267395576829490E-002  0.000000000000000E+000
   117.000000000000       1.256563136001887E-002  0.000000000000000E+000
   118.000000000000       1.245914295866278E-002  0.000000000000000E+000
   119.000000000000       1.235444427833788E-002  0.000000000000000E+000
   120.000000000000       1.225149057601840E-002  0.000000000000000E+000
   121.000000000000       1.215023858778684E-002  0.000000000000000E+000
   122.000000000000       1.205064646821482E-002  0.000000000000000E+000
   123.000000000000       1.195267373270088E-002  0.000000000000000E+000
   124.000000000000       1.185628120259845E-002  0.000000000000000E+000
   125.000000000000       1.176143095297767E-002  0.000000000000000E+000
   126.000000000000       1.166808626287467E-002  0.000000000000000E+000
   127.000000000000       1.157621156789140E-002  0.000000000000000E+000
   128.000000000000       1.148577241501725E-002  0.000000000000000E+000
   129.000000000000       1.139673541955200E-002  0.000000000000000E+000
   130.000000000000       1.130906822401699E-002  0.000000000000000E+000
   131.000000000000       1.122273945894815E-002  0.000000000000000E+000
   132.000000000000       1.113771870547127E-002  0.000000000000000E+000
   133.000000000000       1.105397645956547E-002  0.000000000000000E+000
   134.000000000000       1.097148409792693E-002  0.000000000000000E+000
   135.000000000000       1.089021384534969E-002  0.000000000000000E+000
   136.000000000000       1.081013874354565E-002  0.000000000000000E+000
   137.000000000000       1.073123262132999E-002  0.000000000000000E+000
   138.000000000000       1.065347006610296E-002  0.000000000000000E+000
   139.000000000000       1.057682639656265E-002  0.000000000000000E+000
   140.000000000000       1.050127763658720E-002  0.000000000000000E+000
   141.000000000000       1.042680049022843E-002  0.000000000000000E+000
   142.000000000000       1.035337231776203E-002  0.000000000000000E+000
   143.000000000000       1.028097111274271E-002  0.000000000000000E+000
   144.000000000000       1.020957548001534E-002  0.000000000000000E+000
   145.000000000000       1.013916461463592E-002  0.000000000000000E+000
   146.000000000000       1.006971828165896E-002  0.000000000000000E+000
   147.000000000000       1.000121679674972E-002  0.000000000000000E+000
   148.000000000000       9.933641007582488E-003  0.000000000000000E+000
   149.000000000000       9.866972275987974E-003  0.000000000000000E+000
   150.000000000000       9.801192460814722E-003  0.000000000000000E+000
   151.000000000000       9.736283901471578E-003  0.000000000000000E+000
   152.000000000000       9.672229402119792E-003  0.000000000000000E+000
   153.000000000000       9.609012216485021E-003  0.000000000000000E+000
   154.000000000000       9.546616033261093E-003  0.000000000000000E+000
   155.000000000000       9.485024962078762E-003  0.000000000000000E+000
   156.000000000000       9.424223520014156E-003  0.000000000000000E+000
   157.000000000000       9.364196618612791E-003  0.000000000000000E+000
   158.000000000000       9.304929551406381E-003  0.000000000000000E+000
   159.000000000000       9.246407981900680E-003  0.000000000000000E+000
   160.000000000000       9.188617932013801E-003  0.000000000000000E+000
   161.000000000000       9.131545770945392E-003  0.000000000000000E+000
   162.000000000000       9.075178204458075E-003  0.000000000000000E+000
   163.000000000000       9.019502264553425E-003  0.000000000000000E+000
   164.000000000000       8.964505299525659E-003  0.000000000000000E+000
   165.000000000000       8.910174964377019E-003  0.000000000000000E+000
   166.000000000000       8.856499211579567E-003  0.000000000000000E+000
   167.000000000000       8.803466282168911E-003  0.000000000000000E+000
   168.000000000000       8.751064697156001E-003  0.000000000000000E+000
   169.000000000000       8.699283249243836E-003  0.000000000000000E+000
   170.000000000000       8.648110994836519E-003  0.000000000000000E+000
   171.000000000000       8.597537246328703E-003  0.000000000000000E+000
   172.000000000000       8.547551564664002E-003  0.000000000000000E+000
   173.000000000000       8.498143752151492E-003  0.000000000000000E+000
   174.000000000000       8.449303845529933E-003  0.000000000000000E+000
   175.000000000000       8.401022109269761E-003  0.000000000000000E+000
   176.000000000000       8.353289029103456E-003  0.000000000000000E+000
   177.000000000000       8.306095305775188E-003  0.000000000000000E+000
   178.000000000000       8.259431849001169E-003  0.000000000000000E+000
   179.000000000000       8.213289771632448E-003  0.000000000000000E+000
   180.000000000000       8.167660384012268E-003  0.000000000000000E+000
   181.000000000000       8.122535188520488E-003  0.000000000000000E+000
   182.000000000000       8.077905874297847E-003  0.000000000000000E+000
   183.000000000000       8.033764312143215E-003  0.000000000000000E+000
   184.000000000000       7.990102549577218E-003  0.000000000000000E+000
   185.000000000000       7.946912806065990E-003  0.000000000000000E+000
   186.000000000000       7.904187468398969E-003  0.000000000000000E+000
   187.000000000000       7.861919086215016E-003  0.000000000000000E+000
   188.000000000000       7.820100367671320E-003  0.000000000000000E+000
   189.000000000000       7.778724175249779E-003  0.000000000000000E+000
   190.000000000000       7.737783521695832E-003  0.000000000000000E+000
   191.000000000000       7.697271566084860E-003  0.000000000000000E+000
   192.000000000000       7.657181610011501E-003  0.000000000000000E+000
   193.000000000000       7.617507093897451E-003  0.000000000000000E+000
   194.000000000000       7.578241593413445E-003  0.000000000000000E+000
   195.000000000000       7.539378816011324E-003  0.000000000000000E+000
   196.000000000000       7.500912597562286E-003  0.000000000000000E+000
   197.000000000000       7.462836899097504E-003  0.000000000000000E+000
   198.000000000000       7.425145803647516E-003  0.000000000000000E+000
   199.000000000000       7.387833513176925E-003  0.000000000000000E+000
   200.000000000000       7.350894345611041E-003  0.000000000000000E+000
   201.000000000000       7.314322731951284E-003  0.000000000000000E+000
   202.000000000000       7.278113213476278E-003  0.000000000000000E+000
   203.000000000000       7.242260439025656E-003  0.000000000000000E+000
   204.000000000000       7.206759162363766E-003  0.000000000000000E+000
   205.000000000000       7.171604239620528E-003  0.000000000000000E+000
   206.000000000000       7.136790626806836E-003  0.000000000000000E+000
   207.000000000000       7.102313377401972E-003  0.000000000000000E+000
   208.000000000000       7.068167640010616E-003  0.000000000000000E+000
   209.000000000000       7.034348656087121E-003  0.000000000000000E+000
   210.000000000000       7.000851757724801E-003  0.000000000000000E+000
   211.000000000000       6.967672365508095E-003  0.000000000000000E+000
   212.000000000000       6.934805986425510E-003  0.000000000000000E+000
   213.000000000000       6.902248211841353E-003  0.000000000000000E+000
   214.000000000000       6.869994715524338E-003  0.000000000000000E+000
   215.000000000000       6.838041251731201E-003  0.000000000000000E+000
   216.000000000000       6.806383653343556E-003  0.000000000000000E+000
   217.000000000000       6.775017830056259E-003  0.000000000000000E+000
   218.000000000000       6.743939766615634E-003  0.000000000000000E+000
   219.000000000000       6.713145521105974E-003  0.000000000000000E+000
   220.000000000000       6.682631223282764E-003  0.000000000000000E+000
   221.000000000000       6.652393072951168E-003  0.000000000000000E+000
   222.000000000000       6.622427338388325E-003  0.000000000000000E+000
   223.000000000000       6.592730354808109E-003  0.000000000000000E+000
   224.000000000000       6.563298522867001E-003  0.000000000000000E+000
   225.000000000000       6.534128307209814E-003  0.000000000000000E+000
   226.000000000000       6.505216235054018E-003  0.000000000000000E+000
   227.000000000000       6.476558894811490E-003  0.000000000000000E+000
   228.000000000000       6.448152934746527E-003  0.000000000000000E+000
   229.000000000000       6.419995061669031E-003  0.000000000000000E+000
   230.000000000000       6.392082039661775E-003  0.000000000000000E+000
   231.000000000000       6.364410688840728E-003  0.000000000000000E+000
   232.000000000000       6.336977884147449E-003  0.000000000000000E+000
   233.000000000000       6.309780554172567E-003  0.000000000000000E+000
   234.000000000000       6.282815680009437E-003  0.000000000000000E+000
   235.000000000000       6.256080294137057E-003  0.000000000000000E+000
   236.000000000000       6.229571479331390E-003  0.000000000000000E+000
   237.000000000000       6.203286367604254E-003  0.000000000000000E+000
   238.000000000000       6.177222139168942E-003  0.000000000000000E+000
   239.000000000000       6.151376021431834E-003  0.000000000000000E+000
   240.000000000000       6.125745288009201E-003  0.000000000000000E+000
   241.000000000000       6.100327257768498E-003  0.000000000000000E+000
   242.000000000000       6.075119293893422E-003  0.000000000000000E+000
   243.000000000000       6.050118802972050E-003  0.000000000000000E+000
   244.000000000000       6.025323234107411E-003  0.000000000000000E+000
   245.000000000000       6.000730078049830E-003  0.000000000000000E+000
   246.000000000000       5.976336866350440E-003  0.000000000000000E+000
   247.000000000000       5.952141170535255E-003  0.000000000000000E+000
   248.000000000000       5.928140601299227E-003  0.000000000000000E+000
   249.000000000000       5.904332807719711E-003  0.000000000000000E+000
   250.000000000000       5.880715476488833E-003  0.000000000000000E+000
   251.000000000000       5.857286331164176E-003  0.000000000000000E+000
   252.000000000000       5.834043131437334E-003  0.000000000000000E+000
   253.000000000000       5.810983672419795E-003  0.000000000000000E+000
   254.000000000000       5.788105783945702E-003  0.000000000000000E+000
   255.000000000000       5.765407329891012E-003  0.000000000000000E+000
   256.000000000000       5.742886207508626E-003  0.000000000000000E+000
   257.000000000000       5.720540346779020E-003  0.000000000000000E+000
   258.000000000000       5.698367709776000E-003  0.000000000000000E+000
   259.000000000000       5.676366290047136E-003  0.000000000000000E+000
   260.000000000000       5.654534112008493E-003  0.000000000000000E+000
   261.000000000000       5.632869230353288E-003  0.000000000000000E+000
   262.000000000000       5.611369729474077E-003  0.000000000000000E+000
   263.000000000000       5.590033722898130E-003  0.000000000000000E+000
   264.000000000000       5.568859352735637E-003  0.000000000000000E+000
   265.000000000000       5.547844789140408E-003  0.000000000000000E+000
   266.000000000000       5.526988229782737E-003  0.000000000000000E+000
   267.000000000000       5.506287899334113E-003  0.000000000000000E+000
   268.000000000000       5.485742048963464E-003  0.000000000000000E+000
   269.000000000000       5.465348955844640E-003  0.000000000000000E+000
   270.000000000000       5.445106922674845E-003  0.000000000000000E+000
   271.000000000000       5.425014277203721E-003  0.000000000000000E+000
   272.000000000000       5.405069371772825E-003  0.000000000000000E+000
   273.000000000000       5.385270582865231E-003  0.000000000000000E+000
   274.000000000000       5.365616310664993E-003  0.000000000000000E+000
   275.000000000000       5.346104978626211E-003  0.000000000000000E+000
   276.000000000000       5.326735033051479E-003  0.000000000000000E+000
   277.000000000000       5.307504942679452E-003  0.000000000000000E+000
   278.000000000000       5.288413198281324E-003  0.000000000000000E+000
   279.000000000000       5.269458312265979E-003  0.000000000000000E+000
   280.000000000000       5.250638818293601E-003  0.000000000000000E+000
   281.000000000000       5.231953270897538E-003  0.000000000000000E+000
   282.000000000000       5.213400245114214E-003  0.000000000000000E+000
   283.000000000000       5.194978336120877E-003  0.000000000000000E+000
   284.000000000000       5.176686158881015E-003  0.000000000000000E+000
   285.000000000000       5.158522347797222E-003  0.000000000000000E+000
   286.000000000000       5.140485556371357E-003  0.000000000000000E+000
   287.000000000000       5.122574456871806E-003  0.000000000000000E+000
   288.000000000000       5.104787740007668E-003  0.000000000000000E+000
   289.000000000000       5.087124114609717E-003  0.000000000000000E+000
   290.000000000000       5.069582307317959E-003  0.000000000000000E+000
   291.000000000000       5.052161062275629E-003  0.000000000000000E+000
   292.000000000000       5.034859140829480E-003  0.000000000000000E+000
   293.000000000000       5.017675321236205E-003  0.000000000000000E+000
   294.000000000000       5.000608398374858E-003  0.000000000000000E+000
   295.000000000000       4.983657183465113E-003  0.000000000000000E+000
   296.000000000000       4.966820503791244E-003  0.000000000000000E+000
   297.000000000000       4.950097202431677E-003  0.000000000000000E+000
   298.000000000000       4.933486137993987E-003  0.000000000000000E+000
   299.000000000000       4.916986184355212E-003  0.000000000000000E+000
   300.000000000000       4.900596230407361E-003  0.000000000000000E+000
   301.000000000000       4.884315179808000E-003  0.000000000000000E+000
   302.000000000000       4.868141950735789E-003  0.000000000000000E+000
   303.000000000000       4.852075475650852E-003  0.000000000000000E+000
   304.000000000000       4.836114701059896E-003  0.000000000000000E+000
   305.000000000000       4.820258587285928E-003  0.000000000000000E+000
   306.000000000000       4.804506108242510E-003  0.000000000000000E+000
   307.000000000000       4.788856251212404E-003  0.000000000000000E+000
   308.000000000000       4.773308016630546E-003  0.000000000000000E+000
   309.000000000000       4.757860417871224E-003  0.000000000000000E+000
   310.000000000000       4.742512481039381E-003  0.000000000000000E+000
   311.000000000000       4.727263244765943E-003  0.000000000000000E+000
   312.000000000000       4.712111760007078E-003  0.000000000000000E+000
